date	New York	Los Angeles	Dallas
20191117	1.8660908182689027	4.590265103836709	5.482778196100837
20191118	1.9458858001666886	4.839828912410986	5.6614768769960495
20191119	1.9045784757367081	4.6175795274894185	5.683823566641317
20191120	1.8021545550006857	4.543173535753882	5.487098003340944
20191121	1.7540008280253023	4.494274665861097	5.3170261927985445
20191122	1.7325861136342422	4.411159394436071	5.471603678615206
20191123	1.7324584086096302	4.321148503414357	5.432805985080671
20191124	1.7254594690550171	4.399282317628071	5.3573730846477705
20191125	1.7218070009021509	4.173268937069237	5.349817123021458
20191126	1.723962806879613	4.089741550210879	5.247888933563855
20191127	1.715726254504652	4.062608663157752	5.124998177261336
20191128	1.6928365649720774	4.059516452417558	5.1703878048249905
20191129	1.766835419442031	4.1480086929847655	5.485314544751731
20191130	1.8535621685887889	4.363368758709795	5.706765116038367
20191201	1.908456111854825	4.542405937467745	6.0094042572439825
20191202	1.9238789112776247	4.515908141478424	6.086091804990354
20191203	1.885497569436075	4.3774326214414945	6.007715968589096
20191204	1.8330318160114174	4.1788042618492796	5.915408276281404
20191205	1.8055978300225548	4.304646131443832	5.975775886812949
20191206	1.8276809447862081	4.262683834491586	6.093490487103932
20191207	1.8285471279040468	4.2864162424345205	6.236687159712369
20191208	1.8522563455157033	4.550508639779148	6.355962927241347
20191209	1.8879507899601478	4.97952664305247	6.577911839256484
20191210	1.8431025800937892	4.908638882007457	6.450764503833287
20191211	1.740441761380339	4.8612100845391035	6.31175237724352
20191212	1.7070707389283926	5.095327102973514	6.346229501426527
20191213	1.7194281850284507	5.053690695324034	6.319382983431888
20191214	1.7110806793595164	4.864147363720507	6.3283864523691316
20191215	1.7369717742161286	4.870889466502213	6.453089674528544
20191216	1.7451090291180893	4.853682516294745	6.332260159543648
20191217	1.7420562105104331	4.6483332002488345	6.121327386434404
20191218	1.691681180746166	4.50590516520503	6.090587278960052
20191219	1.6638079261811822	4.393439040543784	5.903761882134655
20191220	1.6427355903074023	4.282939430863846	5.6008019549944
20191221	1.6656561740660198	4.1934969449810895	5.4772215320910975
20191222	1.7029808721571769	4.389775526644426	5.570190790680609
20191223	1.7324101596910744	4.440950364757284	5.490764389423407
20191224	1.6996420148391487	4.525982504334879	5.449262887921905
20191225	1.672269466659736	4.599868357401059	5.63018676760269
20191226	1.6468387581968398	4.621153584858192	5.816086694734097
20191227	1.5817563850413923	4.351456739978053	5.814395851160226
20191228	1.583830268754852	4.479384888579808	6.239008587821155
20191229	1.6106817763761172	4.471849232827812	6.305198436206126
20191230	1.5946580375037134	4.345507104746554	6.106708046353196
20191231	1.5905388438139674	4.347616385064235	5.974340727917442
20200101	1.6132192561851018	4.476970893260956	5.9057679166902775
20200102	1.658011513357587	4.389816542782166	5.809169277234496
20200103	1.7220829248757448	4.329738787729008	5.900840268412493
20200104	1.8363967106899826	4.518766100995452	6.168962334140192
20200105	1.8931720896518562	4.731694701877236	6.341721768102456
20200106	1.8779637563185232	4.600432050055373	6.134754107899057
20200107	1.795081835385141	4.519318909408549	5.955369310501837
20200108	1.7394533768871174	4.601480893424369	5.815020681945056
20200109	1.6816529918953442	4.566615302026518	5.8257000874652265
20200110	1.6410266812564516	4.395438530286593	5.764190653502962
20200111	1.6584639912868464	4.399140091882892	5.983979803513944
20200112	1.6921428210439893	4.371382665670497	5.864585089106443
20200113	1.6591475603804817	4.238223070132085	5.683090766492244
20200114	1.6007437717156574	4.094766743721715	5.562955578659148
20200115	1.5611607241227345	4.067599971100397	5.452520796050453
20200116	1.6294743830845875	4.275201890471689	5.413057194517886
20200117	1.6583156983717644	4.390174291159409	5.41952778275318
20200118	1.7315478011405347	4.500212684267378	5.611618002469299
20200119	1.7805049324170592	4.624105763124287	5.634323366021755
20200120	1.805758066315144	4.755506546249207	5.721049539358928
20200121	1.7470209862117851	4.545870128868184	5.464620076187892
20200122	1.7217878441744818	4.5571104389457044	5.509835074467905
20200123	1.7295865892578313	4.626351411679677	5.4690764210776734
20200124	1.7503157304371804	4.647487900904211	5.430705797007603
20200125	1.8319294927020298	4.749573531862719	5.445678774095218
20200126	1.8426434466225055	4.95045726563792	5.667187602345619
20200127	1.8072320037230298	4.8561199162403295	5.660714054134004
20200128	1.7411308427639258	4.5623291553707634	5.577297966745722
20200129	1.7434529012822906	4.71643136425247	5.738371390528644
20200130	1.6938355359263682	4.759547514271604	5.788901894507424
20200131	1.6863697898911973	4.728712350383075	5.951600307205835
20200201	1.7136524338370684	4.869281583838636	6.103841440114762
20200202	1.7637180076075603	5.217127123486213	6.23230563163434
20200203	1.7471876199984713	5.039379513327267	6.153019917348625
20200204	1.7197315154660093	4.809793059957629	6.121636004457863
20200205	1.7178489779623323	4.827326189417363	6.023266077644822
20200206	1.7513897742791538	4.760290616294833	5.988438444452289
20200207	1.7353185768681505	4.6158047869476855	5.940320164882397
20200208	1.7311821952109547	4.723421809660385	5.875972338795441
20200209	1.7996895762935137	4.886732680814075	5.786074200404151
20200210	1.8118806691969098	4.804712478793872	5.745977179256573
20200211	1.725061542377783	4.678198770780078	5.539576353343552
20200212	1.69175280057906	4.66915156047965	5.384141570734857
20200213	1.7213230661211392	4.6505421812440835	5.499662581179355
20200214	1.6909205237482579	4.568233247118006	5.4575229664081615
20200215	1.6945705505866904	4.578031226915986	5.305749674128539
20200216	1.7619461161975505	4.681635062524124	5.343981454295804
20200217	1.754833473804903	4.66289822041886	5.426488308976571
20200218	1.7017710633915453	4.53659073929326	5.313620209364792
20200219	1.668021063391545	4.541842973163661	5.280961289337451
20200220	1.6704962312847367	4.5868523893595174	5.398640897880004
20200221	1.6481045440709292	4.604974552980271	5.471419699723322
20200222	1.6908455728782719	4.679458230528572	5.608003823113728
20200223	1.7466391174268368	4.780846981971751	5.742502971172199
20200224	1.7464876022753217	4.715465322135686	5.949715514726205
20200225	1.6961245866950854	4.53156701705094	6.003387257535004
20200226	1.7069621707861624	4.656874408921329	6.199078615559695
20200227	1.721548160667286	4.7088456351523	6.2245467138825274
20200228	1.7241942377976194	4.751614277103583	6.316132724980734
20200229	1.7374409910443727	4.857187193770249	6.254634467141012
20200301	1.7979831597190716	4.9984085678160515	6.181011278735215
20200302	1.7600776185189566	4.852430370168904	6.045915296433067
20200303	1.7263090121538671	4.677269685544076	5.871473542330296
20200304	1.7057918118678579	4.718640441274071	5.722872772112067
20200305	1.7451052116463734	4.703859020509045	5.677869071149818
20200306	1.7404277922915352	4.700036020446983	5.725672153735509
20200307	1.8067982764220016	4.83687793421813	5.708993444679632
20200308	1.8212880012565542	4.919591812229679	5.655208340894528
20200309	1.8451555970753695	4.788607158930698	5.536103359188926
20200310	1.808119630009069	4.683773195080341	5.637389332096101
20200311	1.8115675411671859	4.639547511859653	5.442167771249538
20200312	1.8708982819612714	4.789224211971136	5.525203485535253
20200313	1.9988870302031843	4.959900600889464	5.605972716304484
20200314	2.1472697795293296	5.165569871021434	5.550375180847614
20200315	2.3144115595889283	5.435242726901185	5.415055641821946
20200316	2.3949763279012566	5.4609889550570525	5.493180641821946
20200317	2.490671174044161	5.2932932512024085	5.366479961549837
20200318	2.5869829853546067	5.317631321509065	5.286479961549837
20200319	2.5933255107537354	5.355197810870767	5.459306048506359
20200320	2.5712949308544255	5.290295378366089	5.3148822238333295
20200321	2.7227849134572653	5.775298028074621	5.351506055609031
20200322	2.8084301860590597	6.154959543895077	5.146578679253084
20200323	2.7256614495919225	6.149245258180792	5.274893285994656
20200324	2.811702725389296	6.27813556430324	5.348896909183061
20200325	2.8457590843066116	6.3932556064497	5.49638397496281
20200326	2.9282455298998533	6.125048323536534	5.703510143187109
20200327	2.795922297576621	5.850247484962111	5.9589610997616616
20200328	2.8202634903644155	5.943627275902878	6.139813159686755
20200329	2.780617388021039	5.798009028603958	5.879283880407476
20200330	2.7424330903393717	5.665730202379457	6.0464799373625695
20200331	2.451222851303046	5.4182512107828185	6.065956681548616
20200401	2.4586418690668905	5.326709976947753	6.180434274212958
20200402	2.3997132976383195	5.0306014540647706	6.115553321832005
20200403	2.2847913966745437	4.840954395241242	6.092210878264842
20200404	2.1898761424372557	4.544018746620201	5.971782498077426
20200405	2.302578614730521	4.489518392261589	5.732221484228458
20200406	2.14050964921328	4.1945154354313114	5.5770990454478495
20200407	2.052555103758734	3.8906239583142934	5.310110628459432
20200408	2.0123192894624924	3.8105112822579557	5.4650530264113595
20200409	2.0187357543535334	3.719711720374056	5.597116518474851
20200410	1.826173212095251	3.64097678061502	5.496759611667184
20200411	1.897489826515314	3.5794935270265036	5.446236771821284
20200412	1.8741638841649813	3.705594255566256	5.328509366997105
20200413	1.7049207279653031	3.524373598289261	5.176188691891619
20200414	1.596678969723545	3.5187616769195715	4.831632707335635
20200415	1.5794375904132	3.4037616769195713	5.150848393610145
20200416	1.5947938557694654	3.3651807456557137	5.335574132006769
20200417	1.5454611360271737	3.2488361146769362	5.591488110501393
20200418	1.6973129878790256	3.1383599242007456	5.811918218028276
20200419	1.7050052955713333	3.0732800897832413	5.75575170668935
20200420	1.6679682585342963	2.931280089783241	5.425998936015864
20200421	1.4956189861850242	2.6848530465654408	5.22266560268253
20200422	1.450875050875051	2.5688320040020742	5.335457593783753
20200423	1.4342083842083844	2.6148393300094	5.341694152923538
20200424	1.4619006919006918	2.6341916102473375	5.777808353887572
20200425	1.4743475650033029	2.657345456401184	6.049858043328567
20200426	1.4709737458400098	2.815780004309416	6.165572329042853
20200427	1.420180095046359	2.7960937297996122	6.06222400320577
20200428	1.2597039045701688	2.677391073232878	6.176353356439601
20200429	1.1228024961194643	2.559934151070073	5.975317912393404
20200430	1.1005176600538906	2.580527877731761	5.894365531441023
20200501	1.059179940755645	2.5060721447854624	5.903651245726738
20200502	1.0888963081769305	2.5757864304997478	6.2026261485192435
20200503	1.082168197577852	2.6280055705829657	5.84516346195208
20200504	1.0930089999679502	2.7171214484628883	5.94185481997677
20200505	1.0019093164236463	2.6345043104299632	6.077569105691057
20200506	0.9675796062787189	2.6975430393276794	6.202569105691056
20200507	0.9586326765760237	2.7402498062449725	6.030271604938272
20200508	0.9801848037382491	2.7674221184688315	6.1846194310252285
20200509	1.0347302582837037	2.6735861424108665	6.292866344605475
20200510	1.1120988812219468	2.8411223742949243	6.057449677938808
20200511	1.172968446439338	2.822907271320096	5.570783011272142
20200512	1.0877102674878205	2.6823433615456596	5.405507186924587
20200513	1.0363304779305444	2.661123430274182	5.488001466100789
20200514	1.0569365385366052	2.7899215176464924	5.429421219187208
20200515	0.9967633783634449	2.6924583908028348	5.446810674969521
20200516	0.9990087345585869	2.7875871371092935	5.689766001430003
20200517	1.1040232694423078	2.843867925286633	5.518674982744047
20200518	1.092721899579294	2.78583762225633	5.241306561691415
20200519	0.9597421015994959	2.6004801717826003	5.022203997588852
20200520	0.9617713223787167	2.536233896916856	4.965786764028761
20200521	0.9687443078324225	2.411539933219094	4.938335313537272
20200522	0.9495616155247303	2.4029192435639213	5.122662435690481
20200523	1.020938427118933	2.5337158696182795	5.498554605138492
20200524	1.1434480056629943	2.633215369117779	5.468597763300461
20200525	1.1621980056629944	2.662063413895027	5.44055993824136
20200526	1.148689808941683	2.6076272173591484	5.451492843881563
20200527	1.1928725012493753	2.6963652951287744	5.435457038254964
20200528	1.283162356321839	2.8942779844503983	5.307868962374206
20200529	1.3300972222222223	2.9971322405756826	5.482573529605122
20200530	1.4496094173441736	3.1837617134498646	5.54616691021978
20200531	1.6058316395663959	3.4255271025323273	5.579730128610583
20200601	1.5976929033026595	3.41183782111924	5.318477139610105
20200602	1.513109569969326	3.1181913290987646	5.147972089105055
20200603	1.4903126351034257	3.0586759871088547	4.943473716805558
20200604	1.6560463416208187	3.2229470868531003	5.191502390640684
20200605	1.6448630804375575	3.284510429171159	5.22779868693698
20200606	1.6938927741481025	3.3861183044787886	5.4342179163466655
20200607	1.8342145041059084	3.5396880250499443	5.372929441042442
20200608	1.8085987405591102	3.667327856650597	5.413296413519506
20200609	1.5656605312274583	3.424184474297656	5.098393388697881
20200610	1.5694864350533622	3.3033354176938823	5.03222529752979
20200611	1.6294477503338265	3.514865208354107	5.17216600899224
20200612	1.5554637396742659	3.4825963007910823	5.326555588799437
20200613	1.628657961183094	3.5130963923829492	5.489089446379166
20200614	1.7816443865224607	3.634469672199463	5.533553251226307
20200615	1.706434694071389	3.690266132376454	5.563295596259914
20200616	1.6347826901613207	3.47067457820546	5.511501337886708
20200617	1.6472258350606057	3.5759575970733857	5.404008862043211
20200618	1.651006403467744	3.617245055452963	5.30243872047307
20200619	1.6613460886375868	3.7249215205344077	5.328268070031233
20200620	1.6799477969577385	3.9281250603574174	5.312940292730777
20200621	1.7463143886056502	3.934176845250937	5.176098187467619
20200622	1.7206048302500438	3.963893826383013	5.278944986875222
20200623	1.7405101716969675	3.840267982602877	5.384800842731077
20200624	1.6744112526009964	3.630396478445659	5.434937594867829
20200625	1.7161543718670516	3.8447081667573473	5.702116433728085
20200626	1.7368077494971732	3.892877565664451	5.853968285579937
20200627	1.820541999210804	3.9738097690542817	6.099516725984811
20200628	1.9052286881244123	4.101755465775593	6.080590172312495
20200629	1.9104557091653867	4.206821176647756	6.160367950090273
20200630	1.9267714986390707	3.7316673830729092	6.0305303963396755
20200701	1.8951119041081892	3.8039401103456365	6.163827059339309
20200702	1.8919373009335856	3.9104010693489686	5.925362963594628
20200703	1.8895912598778672	3.972257686996027	6.036169859147286
20200704	1.9503339422719261	4.27670333622346	6.0527582785526075
20200705	2.031440833210613	4.514249666838731	6.077818665026037
20200706	2.055185369826437	4.585125087714152	5.8673368168412185
20200707	2.069471084112151	4.448631205896528	6.062985855302758
20200708	2.0125467000849633	4.40961368399415	5.931193232720661
20200709	1.99694110282799	4.302561583153815	5.895981965115026
20200710	1.9663605276787766	4.38042878637313	5.897980610101476
20200711	1.9513977388029442	4.374704880649224	5.931810675460953
20200712	1.9810273684325739	4.397377028645114	5.64890469255497
20200713	1.9349214494294587	4.402377805163207	5.758918754427208
20200714	1.953355792863802	4.192281253439068	5.790940295437979
20200715	1.9924276660952678	4.079651853853147	5.6166377288829015
20200716	2.0676864652671103	4.057862532063825	5.624687759446686
20200717	2.0130568356374807	3.9706704138372246	5.736824511583437
20200718	2.095794930875576	4.134223550049027	5.788732908530003
20200719	2.1006691447120542	4.279091116265919	5.696927507124157
20200720	1.9661226875849518	4.238688655625735	5.789823216132399
20200721	1.8692828607451246	4.137101354038434	6.063192419929026
20200722	1.8922828607451248	4.12905537702694	6.008746865483471
20200723	1.8917669877292518	3.9525582018856964	5.875496377288902
20200724	1.7993141575405727	3.9312284087669886	6.055072676527566
20200725	1.8352799695063848	3.941827454283051	6.008488825595888
20200726	1.926808441034856	3.9781788962682954	5.825565866202341
20200727	1.9060014234909963	4.030401118490518	5.895077733645243
20200728	1.890445867935441	4.046033302398564	6.072165038258282
20200729	2.0149741698222337	4.061805874127966	5.9442380780004935
20200730	2.2333984122464754	4.210626609860077	5.882655066417483
20200731	2.143532722380786	4.177598913480457	5.76726511285959
20200801	2.1769592089511947	4.25405774641411	5.623774784852861
20200802	2.1605657663282436	4.2224948265753275	5.21910312750424
20200803	2.050766618428061	4.290081033471879	5.165955059766508
20200804	1.8768272244886668	4.122226947036278	5.194371238182686
20200805	1.8890502030833272	4.214798111118666	5.226172440066721
20200806	1.8588228909195235	4.283577373423109	5.353774376391427
20200807	1.8568489866036988	4.338657045524057	5.4846503212558115
20200808	1.9143475717763074	4.300475227342238	5.488875882928181
20200809	1.942832420261156	4.500036630851011	5.366793146387613
20200810	1.9498936297006844	4.543189340210617	5.266826391068465
20200811	1.9562783323420714	4.353729022750299	5.128168082590632
20200812	1.9575516621868296	4.25031507622812	4.908274796685785
20200813	1.8812358727131453	4.234190325066872	4.793273668781432
20200814	1.7889328424101152	4.129745880622428	4.823641497713052
20200815	1.801542491532922	3.9973235203739805	4.713346854855909
20200816	1.8022656320287898	4.167874245011661	5.023076110796696
20200817	1.738687380215244	4.2216031248274986	5.342969396701544
20200818	1.7658223664411394	4.142116590722288	5.523280029915402
20200819	1.8171080807268538	4.089483409595957	5.706537926909066
20200820	1.808665098270713	4.355477198415832	5.934748453224855
20200821	1.7844304043931623	4.1693995920577205	5.710140610087599
20200822	1.8594951966652111	4.315808738466867	5.570121848361521
20200823	1.8815055095846152	4.544001841915143	5.4951195042452525
20200824	1.792219795298901	4.448523230267106	5.376624300408322
20200825	1.7814529885762116	4.230822500340098	5.308740304704778
20200826	1.7976269347902112	4.198391844905538	5.434354339792497
20200827	1.76533967458362	4.48592018957674	5.542351317992368
20200828	1.7290515182954636	4.21400384970746	5.429946254701227
20200829	1.8383107775547232	4.41165812614196	5.545434760448354
20200830	1.8952808553054497	4.551417679598378	5.515175249236463
20200831	1.8043661931329353	4.636643282021433	5.317766342353872
20200901	1.7609601169669105	4.2180904063257	5.210341010495465
20200902	1.7805888498159823	4.260222130810366	5.3718794720339265
20200903	1.72847244769958	4.1846778973689585	5.290359892840472
20200904	1.670800730069601	4.10647153285594	5.228840157142333
20200905	1.7494892546597651	4.146105428372188	5.36653246483464
20200906	1.8534315771018572	4.221953460936638	5.319414840611038
20200907	1.7919713424212838	4.253396470481839	5.201756976087502
20200908	1.79816181861176	4.16461189547679	5.1467248311430245
20200909	1.812308836642273	4.002088550384448	5.390634690297954
20200910	1.8367623885548414	4.024015857892818	5.385040284703548
20200911	1.744478021978022	4.021652673813215	5.680703167547842
20200912	1.7617502532928064	4.054079128137479	5.725243623164495
20200913	1.7640419199594732	4.193006867065218	5.775133372167543
20200914	1.691872607790161	4.166195825430324	5.545308020054868
20200915	1.598854589772143	4.080867660890401	5.486486471233318
