date	Singapore	Seoul	Hong Kong
20191117	0.002863409108264442	0.11875736124447762	0.05040482592693511
20191118	0.002859137481629019	0.12479047068076013	0.04984489919615787
20191119	0.0028341340436562976	0.125250166821611	0.05194905151558077
20191120	0.002821555269080517	0.12403482841272648	0.05141624311663064
20191121	0.0024999650562554992	0.12216986941935495	0.04696689819511034
20191122	0.0018032375434282849	0.12258196454245854	0.04764029886851101
20191123	0.002179342626811849	0.11693907267087482	0.04978001198538741
20191124	0.002544759479402932	0.11433654144187129	0.04679449965272153
20191125	0.0028812589305031184	0.11272713930840564	0.04683495331161049
20191126	0.0035707270305858686	0.11589501555992865	0.04731782810105463
20191127	0.0035441897388865965	0.1119532046745512	0.04557126548492679
20191128	0.003209967491646569	0.1075524135210854	0.042847688249154435
20191129	0.0028382620859372216	0.10535316014982805	0.0441088649098131
20191130	0.002479594853149897	0.11715043094570973	0.04676250997245491
20191201	0.002110474945870802	0.11431164640107572	0.04779367669705229
20191202	0.002098245671433654	0.1154066717213021	0.047620887314588814
20191203	0.002066283470210752	0.12557218122407227	0.04870670625755062
20191204	0.002076102681208269	0.13077029372500854	0.048155855882283806
20191205	0.0021050781940024064	0.12927574947283177	0.04535799922748465
20191206	0.0017486789288462521	0.1566271734004694	0.04840330565027452
20191207	0.0017795681523683957	0.15998888131116978	0.04959680616924549
20191208	0.0017643056371058805	0.1535681468268407	0.04874908246437894
20191209	0.0017522567530620457	0.1511591801174223	0.05285439963960492
20191210	0.0017348548040437557	0.14245619900301618	0.051460662941520394
20191211	0.0017366790667375834	0.11692970548057498	0.048018142712055054
20191212	0.0017231580618565008	0.11970079423609085	0.04896031670888286
20191213	0.0020697458783238355	0.11606826411560893	0.050171496833106455
20191214	0.002095390115228874	0.11671633068438034	0.04690697424085277
20191215	0.002105378364347558	0.12258683062884859	0.049328081868856954
20191216	0.004772969394007553	0.12787874894923973	0.051329757279994025
20191217	0.006976061127785207	0.11815284267160933	0.04980268662808198
20191218	0.00667974983218263	0.1253507349432721	0.04811976640595005
20191219	0.006697974727389482	0.12123962383216098	0.048337711515536036
20191220	0.007455121016123567	0.11965048011535769	0.04892915872038619
20191221	0.004828504636813223	0.11523980554159934	0.044118347909575376
20191222	0.002675079690780474	0.11608950727301212	0.04548915610434001
20191223	0.0030687774449312502	0.10057173922495184	0.04766469698861793
20191224	0.0031405601039298397	0.10411580052763383	0.04749129215254973
20191225	0.0024584207092117477	0.10144962509550096	0.04499898053488151
20191226	0.002488848340790695	0.09913936063101622	0.05127684806315291
20191227	0.0029185068571746615	0.1085396310009314	0.051910061377647844
20191228	0.005672475249128344	0.12436915307957974	0.05209508306587478
20191229	0.006627553527784627	0.11984218579399178	0.051611765882991864
20191230	0.008127797469889033	0.12246059290249423	0.052786418751504326
20191231	0.010106744838310085	0.1232972958029476	0.05093200399196256
20200101	0.013203416577872055	0.1177017865936304	0.04786711530461578
20200102	0.011998223919217049	0.1196198210893846	0.05018881914580873
20200103	0.013565012176990193	0.12282075114170006	0.05382369169143949
20200104	0.013583682826728805	0.12213714557606178	0.05563997295498384
20200105	0.013527432826728802	0.12348370715050302	0.05521652018625419
20200106	0.014785230147518253	0.12383799815968735	0.05726133811342506
20200107	0.016565826134772258	0.12110679091331962	0.05732341992345473
20200108	0.015939279105069287	0.11944432239946574	0.053850301569683845
20200109	0.017262837654702733	0.11702708019894179	0.05452708491040161
20200110	0.01764636038197546	0.11666945198922862	0.056567218689665834
20200111	0.015392731657758502	0.11891091913135801	0.05713515872043606
20200112	0.013297707340511961	0.12012561309241106	0.05737201703179421
20200113	0.011984885175563509	0.12869704166383963	0.0560685680136491
20200114	0.01321396107558644	0.13646233140256392	0.054432922934607796
20200115	0.011698809560434925	0.13138126839069697	0.05126650929186235
20200116	0.012090966423180024	0.12662797120920136	0.051201733489746534
20200117	0.014418590489934522	0.119469968253473	0.04946835621163714
20200118	0.015951765218985538	0.11427516305866783	0.04920490257395037
20200119	0.013585042770981715	0.1065289360362803	0.04955935431908269
20200120	0.014546834602338765	0.10820354743524403	0.051386741193634025
20200121	0.013341160843473518	0.1047654834052442	0.0464992632394894
20200122	0.012914903383967977	0.11046651732156462	0.043470009523459495
20200123	0.013525403994468586	0.11089941775446506	0.04365480970825968
20200124	0.013929389989620755	0.11359420206005828	0.040817458052345226
20200125	0.014495202973539753	0.1126601706464457	0.03903828412677697
20200126	0.01701870618976934	0.11282708652779634	0.04302289951139236
20200127	0.015247675196726965	0.11376775358018627	0.04325164404393436
20200128	0.014113888348654402	0.11489827773229315	0.042519043311333625
20200129	0.013248909445700816	0.11535636512771348	0.043572388064424
20200130	0.012469967732029043	0.1194355678808899	0.04200055169072097
20200131	0.01123760836013479	0.12549048515455014	0.04270504521699668
20200201	0.01101014764880311	0.12243990186732057	0.04407539204188895
20200202	0.010755045607986784	0.12165444327767058	0.04861465838813682
20200203	0.011498017495536986	0.12375116707015495	0.05051127200546361
20200204	0.012435783906449177	0.1259287680078188	0.052293595384988976
20200205	0.010579480487645758	0.1288530151041288	0.048841717977677834
20200206	0.010365805273970543	0.13358016143711457	0.05021468518642217
20200207	0.01170509098825626	0.13551252858687302	0.052880017829475844
20200208	0.01087025558364569	0.13574855559455357	0.055860643760921445
20200209	0.009522092455907233	0.13522125073942218	0.06018388116195199
20200210	0.009559592455907234	0.13036463649335372	0.06131377294604327
20200211	0.01009738175774148	0.1296282594683169	0.06143486177680953
20200212	0.0	0.1296746362799111	0.06085080274138126
20200213	0.0	0.12953020167151527	0.06083673012668944
20200214	0.0	0.1335404080082842	0.0673098982571105
20200215	0.0	0.1382163719131242	0.06815815958482391
20200216	0.0	0.1381040926439602	0.07173046152846134
20200217	0.0	0.1412766719070279	0.06832985533344398
20200218	0.0	0.143661798651129	0.06949856109633806
20200219	0.0	0.1497321105553462	0.06781791065604402
20200220	0.0	0.15614144369663957	0.06927519040052099
20200221	0.0	0.16266943594540573	0.07180972522065462
20200222	0.0	0.17007238410849837	0.07451144043429513
20200223	0.0	0.17773823912152753	0.07808109938743414
20200224	0.0	0.1794398892411927	0.07475829733928074
20200225	0.0	0.18305270872383944	0.0788059078935085
20200226	0.0	0.19410108949699084	0.0763074225641758
20200227	0.0	0.1982299250725757	0.07771178091768671
20200228	0.0	0.19968731760087316	0.07385494197387492
20200229	0.0	0.2005244966329404	0.07048191540994367
20200301	0.0	0.2105737361558641	0.07034291390409404
20200302	0.0	0.21072913631126428	0.07244643872947712
20200303	0.0	0.2168859754953114	0.0718153429176584
20200304	0.0	0.24429660076236742	0.07383326525420006
20200305	0.0	0.25599693746270413	0.07593553715769853
20200306	0.0	0.2599169550412582	0.0820068953284062
20200307	0.0	0.2690078641321673	0.0793516927635563
20200308	0.0	0.27641332861304163	0.08366582428966071
20200309	0.0	0.26871834979506815	0.08293355884343646
20200310	0.0	0.28322261575564484	0.08124475233535285
20200311	0.0	0.2950383339128264	0.07705035830429818
20200312	0.0	0.2893817682562608	0.08654921534667555
20200313	0.0	0.28286909219992273	0.08448955625576646
20200314	0.0	0.2660014590878783	0.08055193442340777
20200315	0.0	0.28404001262664286	0.08066159415570902
20200316	0.0	0.27319393719341145	0.07440941721387691
20200317	0.0	0.28175185681516085	0.05992523368580623
20200318	0.0	0.3012114716470092	0.05711657945793802
20200319	0.0	0.32101217881512223	0.06226877618908213
20200320	0.0	0.28755661743918376	0.06215911645678089
20200321	0.0	0.2810784298338664	0.05324797110495757
20200322	0.0	0.2764618100024734	0.05126521248426791
20200323	0.0	0.2751526070760198	0.039015839632832436
20200324	0.0	0.2747849600171962	0.026178457716503158
20200325	0.0	0.2922237874920441	0.015188255506788751
20200326	0.0	0.30187128285382514	0.014450278051594522
20200327	0.0	0.29105790089726896	0.014426913565613214
20200328	0.0	0.2690879616583818	0.01635362751360376
20200329	0.0	0.25612892211035926	0.015620437241786878
20200330	0.0	0.25347230038157254	0.01908927193013376
20200331	0.0	0.2493616284448137	0.021358140582703605
20200401	0.0	0.26839745330107195	0.021573812760992607
20200402	0.0	0.2703614027226485	0.02222951137806461
20200403	0.0	0.2650912756040044	0.025338091057981176
20200404	0.0	0.24695075470757805	0.028068534505913418
20200405	0.0	0.23303771122931716	0.031294340957526326
20200406	0.0	0.21731841298370314	0.032173461836647196
20200407	0.0	0.22513282079811092	0.03639025866584113
20200408	0.0	0.2565302264584883	0.03508380468531561
20200409	0.0	0.25690517958934694	0.0337625753295243
20200410	0.0	0.26144304310791877	0.03919215054511037
20200411	0.0	0.26271165152215825	0.0344302457832056
20200412	0.0	0.25138518271537447	0.033891083670273006
20200413	0.0	0.23670438664403823	0.0369888149093655
20200414	0.0	0.24801391045356205	0.03654056177818554
20200415	0.0	0.26782387302194677	0.03183886083886084
20200416	0.0	0.26770080451381056	0.039647594290747816
20200417	0.0	0.2728632386797385	0.04563691986085941
20200418	0.0	0.2619123454649664	0.04099022247222654
20200419	0.0	0.27602725229726455	0.04817740965941373
20200420	0.0	0.266813316218946	0.053193044431146065
20200421	0.0	0.2953344429795094	0.046931930026878135
20200422	0.0	0.3351523237742114	0.04343848024521874
20200423	0.0	0.3613370384344251	0.05258203297976356
20200424	0.0	0.34867091866412164	0.05416266873362766
20200425	0.0	0.35621528952504883	0.048662107451864216
20200426	0.0	0.35305994971922355	0.05286378812413313
20200427	0.0	0.34368494971922353	0.05680261795763754
20200428	0.0	0.347232969097964	0.05658504189100486
20200429	0.0	0.3907771792348489	0.05110746571846121
20200430	0.0	0.4228052494102875	0.05646109782008948
20200501	0.0	0.428926690911028	0.05891944167265197
20200502	0.0	0.4308016909110279	0.061059899449388166
20200503	0.0	0.42136970875177304	0.06077605396006323
20200504	0.0	0.3946411225804624	0.06103562566674718
20200505	0.0	0.40255835155032293	0.06272133847506199
20200506	0.0	0.42651532677848464	0.0626563623281475
20200507	0.0	0.4315899536441563	0.05499928489863556
20200508	0.0	0.44333598539018804	0.05088969585753968
20200509	0.0	0.4332962876055806	0.04944300440015085
20200510	0.0	0.41716985638480975	0.0453976801356306
20200511	0.0	0.38385991814786424	0.04503969179912156
20200512	0.0	0.38728086650343146	0.04625419219782119
20200513	0.0	0.3935966559771157	0.04869075182054744
20200514	0.0	0.410164301538141	0.05185837598096914
20200515	0.0	0.38930759577577484	0.04807385370668065
20200516	0.0	0.3790886176735851	0.04295447095201482
20200517	0.0	0.34131768013350555	0.04101004354601593
20200518	0.0	0.3291954390469181	0.0446969353231696
20200519	0.0	0.3106260239658751	0.04933609405485502
20200520	0.0	0.32605006870026465	0.057991421987444704
20200521	0.0	0.3314856953503656	0.06309961342657139
20200522	0.0	0.3399715839849956	0.0782003433535787
20200523	0.0	0.3218755965735086	0.07203615253321702
20200524	0.0	0.3126681373660495	0.07048601940413651
20200525	0.0	0.2916036695999325	0.06468575651854767
20200526	0.0	0.2961499507419584	0.06437035056933892
20200527	0.0	0.320612893813924	0.05137205997104832
20200528	0.0	0.32512139344437485	0.05569362130933828
20200529	0.0	0.34695511527809664	0.0623728835675479
20200530	0.0	0.3298273155416013	0.06766334625681616
20200531	0.0	0.32811791383219957	0.0652310819884752
20200601	0.0	0.3078247261345853	0.06376588052327373
20200602	0.0	0.3112963354314373	0.06217497143236463
20200603	0.0	0.30765648868814227	0.04821200846940168
20200604	0.0	0.3482625492942029	0.049100181028641755
20200605	0.0	0.34565838262753623	0.056573852538716385
20200606	0.0	0.34158844576498154	0.06543734460220846
20200607	0.0	0.33590493644601055	0.06457009469730166
20200608	0.0	0.3206627109330002	0.07172497685218379
20200609	0.0	0.3271491974194867	0.06969044332253582
20200610	0.0	0.32854124287403214	0.06318535201562679
20200611	0.0	0.3522096214507012	0.058591924785579855
20200612	0.0	0.3367906674783299	0.06750742975295973
20200613	0.0	0.332325341703693	0.0699048213908577
20200614	0.0	0.3101745195528708	0.07097539471104364
20200615	0.0	0.29936478284149476	0.0767964731424162
20200616	0.0	0.2880841726447866	0.07874919240786137
20200617	0.0	0.3191247140647124	0.07166399255501885
20200618	0.0	0.3405564032833942	0.07352906996558214
20200619	0.0	0.3350442683594946	0.07378121226153873
20200620	0.0	0.332251311468177	0.06898954559487207
20200621	0.0	0.33724492758393815	0.06712533552668695
20200622	0.0	0.3237230067129359	0.07070034387951021
20200623	0.0	0.3290490565592999	0.07249063036566976
20200624	0.0	0.348706539805763	0.07089626789044404
20200625	0.0	0.3645469956462188	0.07018951683559171
20200626	0.0	0.3607719329895772	0.07237407287742839
20200627	0.0	0.34115401823784247	0.06789738254090476
20200628	0.0	0.32351730129512013	0.05627277949895256
20200629	0.0	0.3026833474604217	0.053718719931429106
20200630	0.0	0.3164069689716539	0.055798710422901146
20200701	0.0	0.32384744516213015	0.052959284054063006
20200702	0.0	0.3534633360320595	0.05824898252066792
20200703	0.0	0.3470547913057578	0.06629821046746505
20200704	0.0	0.33486227793677376	0.07274243021805486
20200705	0.0	0.30588537312347786	0.07482157173381611
20200706	0.0	0.28646573026633504	0.08568136009360447
20200707	0.0	0.3016882127019322	0.08751164975328497
20200708	0.0	0.32399741035359564	0.08269734070570418
20200709	0.0	0.3426053648990502	0.07939874207113717
20200710	0.0	0.35777197431162316	0.08192718707745829
20200711	0.0	0.3510011409782898	0.07775388030454991
20200712	0.0	0.3222404976481101	0.06796218322996538
20200713	0.0	0.3061687245437304	0.07192379237842363
20200714	0.0	0.35699984156500697	0.07748518226929618
20200715	0.0	0.3535451511584165	0.07237315063683525
20200716	0.0	0.37194485617316575	0.07191879783527554
20200717	0.0	0.39191429071213674	0.08812984657012216
20200718	0.0	0.3968884394017427	0.08839391654866649
20200719	0.0	0.3486614890471328	0.08057985029694725
20200720	0.0	0.33799891774392965	0.08064242851972572
20200721	0.0	0.3415387407527791	0.07919520886714067
20200722	0.0	0.3312823304963689	0.06905004582954995
20200723	0.0	0.3614353628031892	0.06253394068330781
20200724	0.0	0.35911652222347906	0.0731321039992671
20200725	0.0	0.37750315013045577	0.0784128526623687
20200726	0.0	0.3478255268687617	0.07159471878898516
20200727	0.0	0.3397795498572675	0.06607963542713116
20200728	0.0	0.32845157435018757	0.071922111566637
20200729	0.0	0.375868454145584	0.06940110316327566
20200730	0.0	0.39605694620907606	0.06821467945482552
20200731	0.0	0.4223556475077773	0.07012601716259205
20200801	0.0	0.420877814995462	0.07937600715178036
20200802	0.0	0.43106674886860646	0.07628922788561845
20200803	0.0	0.38669334733407956	0.06644662975850149
20200804	0.0	0.3673571279978603	0.06838864604191594
20200805	0.0	0.40767333353145707	0.07378574432015825
20200806	0.0	0.4605304763886	0.07311738946939648
20200807	0.0	0.45271429414193853	0.07550362698326996
20200808	0.0	0.45032298979411245	0.08360629837046017
20200809	0.0	0.46071260018372284	0.0748961603409504
20200810	0.0	0.44433578858951994	0.07512359459823541
20200811	0.0	0.40618044878369475	0.07570188061067075
20200812	0.0	0.3970203668404696	0.07392207123506286
20200813	0.0	0.39084389625223437	0.062221855562884586
20200814	0.0	0.3648698702782084	0.06532606842319502
20200815	0.0	0.31715425256259067	0.06435342404629532
20200816	0.0	0.2980703285647349	0.05579276427094733
20200817	0.0	0.2767690807928989	0.06137034819904672
20200818	0.0	0.2939145436291962	0.07064659249376527
20200819	0.0	0.32833795154658	0.0825352401760536
20200820	0.0	0.3316945949032234	0.07779359883866759
20200821	0.0	0.3719571145208579	0.0863627979590478
20200822	0.0	0.37567612278532064	0.08441408001032985
20200823	0.0	0.3601387852135176	0.0843741090800973
20200824	0.0	0.32690585348661	0.07793739827011888
20200825	0.0	0.3545981611789177	0.08572280064067409
20200826	0.0	0.3587971275871865	0.08077010925582188
20200827	0.0	0.3671993314439358	0.08191296639867902
20200828	0.0	0.3813439479541175	0.08107699849984634
20200829	0.0	0.3801534717636413	0.07607816102019045
20200830	0.0	0.3586568731241855	0.06384093140711032
20200831	0.0	0.32681926628657865	0.06101182524638543
20200901	0.0	0.34754262894542515	0.04744039667495686
20200902	0.0	0.36993605472868146	0.04358489883774894
20200903	0.0	0.3720524568450836	0.03881069324190691
20200904	0.0	0.38342857355682847	0.04617657853793212
20200905	0.0	0.39220126154299967	0.04530206019315074
20200906	0.0	0.37334270074895504	0.049249428614203374
20200907	0.0	0.3350117472347554	0.04773023787542384
20200908	0.0	0.35670486892787706	0.045763395123172936
20200909	0.0	0.36917829203205854	0.047262349799517066
20200910	0.0	0.3565594501997335	0.0505990603702702
20200911	0.0	0.36196353978103823	0.06201030453005237
20200912	0.0	0.3611561216267457	0.06833784092613235
20200913	0.0	0.3375071114608816	0.0718424326362341
20200914	0.0	0.3090003241305649	0.07023305821564599
20200915	0.0	0.3173031324333732	0.07086797885056662
