date	London	Paris	Rome
20191117	0.07594619312963122	0.10329874445180438	0.42098089929869636
20191118	0.0775454630665357	0.10860980596665999	0.43976176127673944
20191119	0.07643807443922676	0.1109914415477217	0.4350486583875031
20191120	0.07694856113509066	0.10634218160119842	0.4003336324807673
20191121	0.078865728941335	0.10353988371693332	0.38756309073499484
20191122	0.07750518472364792	0.10621848468194799	0.3972762106084179
20191123	0.0779367134400494	0.10714961124149866	0.4012062552487524
20191124	0.07941047164061174	0.10668915792644681	0.4168459053381633
20191125	0.08201548662324158	0.10849961570228354	0.4341250338090016
20191126	0.08158038669061189	0.11095019496144873	0.4350982242829641
20191127	0.08269721137324086	0.1040116535401487	0.4110971477885365
20191128	0.08351680785119112	0.10165612354589997	0.41462136977105224
20191129	0.0809002839656096	0.1034094172355005	0.4415796399915265
20191130	0.07818966006213207	0.10748366999216233	0.4569007338020462
20191201	0.07748574035509288	0.09911891352147681	0.46982484563723653
20191202	0.07548967069384006	0.09911891352147681	0.47266526659943586
20191203	0.07319712818757543	0.10154161772083077	0.46445383557236236
20191204	0.07153865664828049	0.09648959074481224	0.4184770978485721
20191205	0.06888959433224315	0.09124310391240216	0.39713511135049295
20191206	0.06924050005936618	0.0971279385034169	0.39631239728834233
20191207	0.07141518508901043	0.10024057609881312	0.4113904704781898
20191208	0.07350464573903565	0.0966291934551724	0.4116261496925924
20191209	0.07772725888472572	0.09888053088334756	0.3850673780357815
20191210	0.0810673157090691	0.09782203100176837	0.3735727118485587
20191211	0.08152172833613106	0.0985497924795831	0.366659835309747
20191212	0.08158683250279772	0.10146863511382032	0.3757727485091604
20191213	0.07969239654596957	0.10583852994984218	0.390598918108768
20191214	0.07785856271213573	0.10635268438394097	0.4310685703431261
20191215	0.07659484899757012	0.1075387764585046	0.43432359808237714
20191216	0.07470975793968869	0.10840488922178756	0.41631583970055386
20191217	0.07088712797026973	0.10259899084878359	0.38113943027095576
20191218	0.07135365699638521	0.09906625757232218	0.3621948701088877
20191219	0.07020343845486234	0.09938795038038858	0.34771961563363324
20191220	0.05820811298724403	0.10272858773490856	0.3319801467691644
20191221	0.062336891622461456	0.10090121989896468	0.3224497916717989
20191222	0.06856209442578129	0.10292759265547517	0.3155495893474212
20191223	0.0709488666689975	0.10429707812429348	0.2964169160800944
20191224	0.07455045744606528	0.10034900165197688	0.2808135240383462
20191225	0.08565697072919035	0.10054046941629276	0.2930248351858276
20191226	0.08489027284603404	0.10053231746390015	0.3027774125054152
20191227	0.08554236239155441	0.09759126536978271	0.31255325950556945
20191228	0.08773590471572253	0.09554282087354163	0.32616538071769063
20191229	0.08970048689613205	0.09714371942201815	0.3414326383056574
20191230	0.09001749905652037	0.0952072533710692	0.337343240425208
20191231	0.08618616821773778	0.09311992857526401	0.3227994616233647
20200101	0.08389058174590731	0.09617765798959928	0.3356149688147557
20200102	0.08492863344974917	0.09687728416489395	0.3663015817798497
20200103	0.0836465821676979	0.09907817075686116	0.3930495652541759
20200104	0.08546569466983975	0.09716670613353214	0.4132018727763348
20200105	0.08706725332608914	0.09769008889745984	0.429745651578178
20200106	0.08427008218040313	0.09947939823638091	0.41755084359705813
20200107	0.07969613321686256	0.09746814593325218	0.3739408794733189
20200108	0.07934398179174976	0.09569372182099764	0.3584897656240357
20200109	0.07979731679530258	0.09967057497817865	0.3652050903394118
20200110	0.08119012133980079	0.10474697741428343	0.3838648841538448
20200111	0.08267033652210802	0.10481203776336585	0.40358661448523864
20200112	0.08360299900977541	0.10751377791749661	0.42704171364157195
20200113	0.08104402647113267	0.1104662927334987	0.42973177212110414
20200114	0.08128268762835894	0.10682867718097085	0.4086631376764128
20200115	0.08254185296272136	0.10387818730823906	0.3976237404625464
20200116	0.0853141852329616	0.10625305029691282	0.4190148978829914
20200117	0.08803629095249034	0.1097315048345446	0.4369176717827227
20200118	0.08981920978804074	0.10907288235226094	0.44709666536597165
20200119	0.09014554356616186	0.11071428958539549	0.46104060616558595
20200120	0.08805732921562222	0.11612734982583597	0.47914005392299597
20200121	0.08396649731022078	0.11120607797892594	0.4426152623477437
20200122	0.0795484735406307	0.10693269784497936	0.4350417899699104
20200123	0.07995078095693167	0.10804224746916694	0.4478644547614542
20200124	0.08057788071845098	0.11047604967530836	0.4670770773987936
20200125	0.08041949600436218	0.1088655962466731	0.4655880022715862
20200126	0.08078395822821785	0.11078134155864483	0.4779729166820069
20200127	0.0796859578679224	0.11350242195867632	0.48006032989190545
20200128	0.07696464820512676	0.10877971878704999	0.4430312917017674
20200129	0.07584622208670064	0.10620969398309317	0.4248268403893384
20200130	0.07622475750298509	0.104745467110306	0.43712528078056234
20200131	0.08010766520717767	0.10740147330613518	0.4350569642111906
20200201	0.08149058291577388	0.10808383913307933	0.4228908401033798
20200202	0.08471314082111124	0.10925490070386915	0.42102765598796027
20200203	0.08217473649499742	0.11394709203063953	0.416267846533387
20200204	0.07585816743858487	0.11328508862690745	0.37714195182852095
20200205	0.07348717720148584	0.11063132069418606	0.3707400826696424
20200206	0.07370465299562293	0.10913581494836741	0.4012879957172033
20200207	0.07276242064657343	0.11392834575577022	0.4463569888915441
20200208	0.07626233335607065	0.10960478315652691	0.46671471302888123
20200209	0.08874862988384133	0.10812041254089193	0.4861535033749121
20200210	0.08623064427233054	0.1098308759904858	0.4960189278055539
20200211	0.08005730483742801	0.10800314941307212	0.4611668436381088
20200212	0.08006154854335537	0.10340263600456327	0.43505297521470465
20200213	0.08179931891558875	0.10522848907596793	0.44529066205616513
20200214	0.08096486561860869	0.10714811842103558	0.4572924874288454
20200215	0.08521148789026299	0.10427785435674167	0.4612812296648702
20200216	0.09323534287488122	0.10430616184897812	0.4616051253481226
20200217	0.09267124809734584	0.1070752655718354	0.45666516311497707
20200218	0.09151941522511244	0.10249875136229365	0.42039011565663503
20200219	0.08893897070292034	0.10008260208993072	0.4047613150444375
20200220	0.09114972798217078	0.10239091313718181	0.37105756955707286
20200221	0.09446621819712105	0.10341549733029527	0.3821238449300247
20200222	0.09682565171984166	0.10081365764566977	0.37741154188727355
20200223	0.09618836624028956	0.10355867002370966	0.3824429177629611
20200224	0.09238629921867979	0.10534433030977822	0.3742277877393204
20200225	0.08803880864200214	0.09965628332682103	0.38055415980896357
20200226	0.08422249232568582	0.09619775634109898	0.36396727330363005
20200227	0.08387815581113653	0.09900477388495861	0.3659352791964386
20200228	0.08389873671690998	0.09858645974823292	0.35882930042944283
20200229	0.08597845604251175	0.0967797495576986	0.34898510779488195
20200301	0.08584891827119331	0.09902259392263599	0.34733287594944556
20200302	0.08210524208657224	0.10477970514729958	0.34872465300313543
20200303	0.07701275051515291	0.09956872229984637	0.33576301332173
20200304	0.07804124398212042	0.10011427086078414	0.32111722253434627
20200305	0.08011844816687219	0.10380585114810911	0.34323414244163447
20200306	0.08376469680768409	0.10966605569504417	0.3716793011399069
20200307	0.08811989742334689	0.10981521959214727	0.4020674550949398
20200308	0.09266521327545157	0.11432581688533769	0.4058950395855077
20200309	0.08911283606066647	0.12023032849287163	0.4501252161363817
20200310	0.08521968399479216	0.12058839739026636	0.45991131239306615
20200311	0.08351371002660882	0.1214160011590466	0.46830825895795164
20200312	0.08491840120694885	0.1290003491467778	0.4783204689701617
20200313	0.09379676054205104	0.1436861699873696	0.524666815316508
20200314	0.10442384398446514	0.14994333624453587	0.5388866253572135
20200315	0.11972821511096055	0.157913302947904	0.5161135161135161
20200316	0.1287775522480641	0.15814850697372174	0.5327801827801828
20200317	0.13444740750565104	0.1504716884486777	0.5151611351611352
20200318	0.14457638952941623	0.1425562409660826	0.5136796536796536
20200319	0.14969506267782914	0.1408152037411744	0.5431746031746032
20200320	0.1465283537986108	0.13783664100257473	0.6047379454926625
20200321	0.14906488214460728	0.13956663349640896	0.5931560245887078
20200322	0.14789120602332742	0.13738543985106763	0.6148567048608164
20200323	0.1375505474641922	0.12964664588558786	0.6722550788445563
20200324	0.12900353891718366	0.11300930473211768	0.6681280947175722
20200325	0.11826824991694007	0.1093020099166269	0.7258274252105729
20200326	0.11399378816304544	0.10271744902151299	0.8400975181575383
20200327	0.11007221953559446	0.10987431176661104	0.9163247658133574
20200328	0.0971302645346491	0.10770161762587652	0.9192772690226001
20200329	0.08870114576070275	0.1126683582023732	0.9056264753718064
20200330	0.08260091566922735	0.09594925707877769	0.8418078180047619
20200331	0.0725143226563877	0.08832455921017737	0.7846151414572468
20200401	0.0607189795191328	0.07817304405866224	0.7328776897197951
20200402	0.05047894854739451	0.0697338426067566	0.7429772629772631
20200403	0.05442778058298962	0.06463606189921979	0.837887657242496
20200404	0.05678911375234148	0.07270749047064837	0.9210611533192179
20200405	0.05998239106326584	0.07897419673735465	0.899439531697596
20200406	0.06550322439659918	0.06988328764644554	1.0747642070222716
20200407	0.08284144173481651	0.07575041447992267	0.9806355956522808
20200408	0.08311752426896356	0.0731007059478612	0.9052807569426033
20200409	0.08055564845480812	0.07405055397217732	0.9423775311361519
20200410	0.07486825349682492	0.06908514900677235	0.9580869905956112
20200411	0.07691953554810697	0.07494751094390065	0.9599051724137931
20200412	0.06585553393292426	0.07715871948374052	1.0408382352941177
20200413	0.058182343501113135	0.07458941590023815	1.0615441176470588
20200414	0.06723752112771933	0.06968935142570559	0.9532107843137254
20200415	0.06381252112771933	0.06791801487176034	0.9782107843137255
20200416	0.05193667767292851	0.0662980771770563	0.8510679271708683
20200417	0.05048785877529072	0.060082806545239044	0.937622549019608
20200418	0.04909825506968084	0.06906922242820665	1.0992324561403508
20200419	0.04122110963155979	0.0746695292943363	1.1004229323308272
20200420	0.036846109631559786	0.06987347371387911	1.119172932330827
20200421	0.04649523243857733	0.05927986640794304	1.133212341197822
20200422	0.04311061705396195	0.06316955564441144	1.0889727098614166
20200423	0.04202940892139643	0.06196886953806496	0.9318876896185018
20200424	0.03864729510025821	0.0602473505507232	1.0676019753327872
20200425	0.03916453647956856	0.06681474268512563	1.0942686419994538
20200426	0.03905012000359602	0.07296390554661727	1.0245149474181732
20200427	0.04259800069433386	0.06958806158562701	0.9687545787545787
20200428	0.041952900608952966	0.063133245299629	1.0395238095238095
20200429	0.04514171179776415	0.07604890795023142	1.0319201228878647
20200430	0.04563950801243877	0.08418491280754774	1.1092534562211982
20200501	0.04492479687485687	0.10146424821772426	1.157295784263526
20200502	0.04651762912971004	0.10495446503422348	1.240152927120669
20200503	0.05497498797686336	0.112609967426568	1.1934862604540024
20200504	0.053119510121385494	0.09593920273514925	1.252953301127214
20200505	0.05781875824168625	0.08311496534149912	1.225876378050291
20200506	0.05915458739169051	0.09189819735311329	1.3888393410132542
20200507	0.053508078871810784	0.09536291075853127	1.4229134150873282
20200508	0.0426410814704406	0.10199861082488829	1.5449646971386102
20200509	0.04318429134698381	0.11064923525376431	1.5395299145299144
20200510	0.042470005632698093	0.13105700412032145	1.4968925518925518
20200511	0.033868700498646674	0.10594161338341235	1.4617878820052732
20200512	0.041593430984178	0.10490698676680824	1.4377138079311993
20200513	0.05149808025611237	0.11527465370381824	1.4151863354037268
20200514	0.04430610080462508	0.12094163131575855	1.3748017200191112
20200515	0.04208387858240286	0.11310231563171329	1.2826212688912917
20200516	0.043724498057687494	0.12826625005794282	1.273281494334126
20200517	0.04698451815370179	0.12808678844278826	1.2409285531576555
20200518	0.03769537438202934	0.1018301746861745	1.2360714103005124
20200519	0.04380201941484887	0.09890403832253815	1.177262477298031
20200520	0.04952117415240852	0.11514705595889037	1.3240461030290251
20200521	0.049666578606376535	0.11999780222754705	1.2556365169723804
20200522	0.044572238983735024	0.1201772638427016	1.2442394581488512
20200523	0.04732459087796335	0.14097842214385992	1.252239458148851
20200524	0.05095574233520175	0.15704794086043744	1.24865522875817
20200525	0.04455940153584066	0.13096703062023518	1.1811949112978526
20200526	0.0476001963574574	0.11041860993297381	1.2179007936507937
20200527	0.05345385489404277	0.1325399624109729	1.2616507936507937
20200528	0.05094047925636702	0.16281023268124314	1.2699986197377502
20200529	0.04730932779912861	0.17343547615611654	1.2672885926374793
20200530	0.0471052878072902	0.19861514311492462	1.272887048235935
20200531	0.04620394196212414	0.24245967068038246	1.1913632387121253
20200601	0.03566943236170898	0.23088541816124802	1.1913632387121253
20200602	0.04062369282013225	0.21825383921387959	1.1682654126251688
20200603	0.04306843908510324	0.22779532485103315	1.1846506534006536
20200604	0.04417188736096531	0.24865422055655464	1.2576236263736265
20200605	0.04166960980250798	0.25282444058043324	1.2785760073260073
20200606	0.038572683088559975	0.2761419832528146	1.2628617216117217
20200607	0.040374042295961934	0.2930159864426073	1.164590445015977
20200608	0.03231269041438533	0.28133614606197643	1.0994247164356143
20200609	0.03548020310474066	0.28244044054050405	1.0210463380572359
20200610	0.04470052290097669	0.29357256523073494	0.9869762571947021
20200611	0.05262322821498635	0.3068303391336701	1.0039725941910391
20200612	0.04992357941364263	0.31705599999762885	1.0053075962769797
20200613	0.054078819170976636	0.32422037177043433	1.043086527257779
20200614	0.0530123165816314	0.32993465748472006	1.0101441509191762
20200615	0.04238165243088858	0.3143955125338104	1.0407856603531385
20200616	0.04201450267243447	0.31250185416956383	0.9861137785626128
20200617	0.04328477294270474	0.30967556010795694	1.0138000530724167
20200618	0.04305552172674391	0.3189472382115128	1.0302894147745445
20200619	0.0402083976360965	0.3163440636083381	1.0696101694915254
20200620	0.043422410944531316	0.31687530624484395	1.0491101694915252
20200621	0.042735542257662615	0.31318337902350496	1.018601694915254
20200622	0.03877071813705961	0.2873952465153143	0.9991942875078468
20200623	0.04195050025285898	0.2843943325313597	0.9273192875078469
20200624	0.04586412693285162	0.28439001753675347	0.8852841997885486
20200625	0.04443111434957997	0.2834487219901948	0.9673494171798531
20200626	0.05310082301928863	0.28136650732519863	0.9838564179167726
20200627	0.061629849474522005	0.2978922700104782	0.9363618645398664
20200628	0.06501854039094775	0.29925137602074703	0.925172348410834
20200629	0.0704518182144264	0.28190103746881784	0.9062404031630994
20200630	0.07600343448137113	0.3017087297765101	0.7694024584990677
20200701	0.07074281672075337	0.31971924387496037	0.7010794771326081
20200702	0.07117861438612302	0.31826697497097617	0.7535123021144526
20200703	0.07392746008568278	0.31823078165609436	0.7738409691868812
20200704	0.07061338285856207	0.32979519636566196	0.756340712434288
20200705	0.07669777441940599	0.32627731297516716	0.7429411707994522
20200706	0.08244594960188775	0.30447370301523974	0.8012870354611064
20200707	0.08045868845539092	0.3086806503142172	0.7460985136059178
20200708	0.07925816931197756	0.2932371620203852	0.7101501521362058
20200709	0.07914018030509966	0.2832216789677987	0.735617441855832
20200710	0.07266116389578653	0.2738068700506013	0.7422739627318988
20200711	0.06975222175165285	0.2659040986977269	0.7119847261268728
20200712	0.069667059499821	0.25142274059522896	0.6717402858824325
20200713	0.07126648501228998	0.24391540921692986	0.6233006026034387
20200714	0.07398011367363104	0.24773783954424516	0.5329852872881233
20200715	0.0814926066169476	0.23605514723655285	0.5032416368233787
20200716	0.08471007460952734	0.2442673893034854	0.5089762175579595
20200717	0.08919519642055444	0.24857647985019377	0.5220783154600575
20200718	0.09009266531802335	0.257807249080963	0.5746369918740628
20200719	0.09280186167262153	0.2571511276452984	0.5963352859127824
20200720	0.09442327070746305	0.25117004989951475	0.6536661129804515
20200721	0.0927086749396931	0.2511777892385752	0.632720972849265
20200722	0.09236826568362119	0.24718683096391425	0.6295777104379174
20200723	0.09309369628139222	0.24795606173314502	0.6463127391499766
20200724	0.09245086493433552	0.2470126655067299	0.6700110612395803
20200725	0.09190083532507735	0.2515871498459202	0.6624396326681519
20200726	0.09681099592294666	0.2525306112303082	0.6467172456955697
20200727	0.09173870676632015	0.25155973744390037	0.6706605081069172
20200728	0.08864782766356574	0.2522914447609736	0.6312684745639403
20200729	0.08821735789003027	0.25070834835363315	0.604596264660023
20200730	0.08128394751880393	0.24794595013009504	0.5724648777987091
20200731	0.07160064717501811	0.2383918750503476	0.5735554818255548
20200801	0.07343440676581095	0.23230595619593233	0.5382647016837108
20200802	0.07558556955650862	0.23023604936547715	0.510712912606498
20200803	0.06961587781177234	0.23010575391173207	0.5131102733103103
20200804	0.0706571638914216	0.24195878193557738	0.4925000871379163
20200805	0.07525486504084687	0.25326099323778867	0.484651249928614
20200806	0.07292110545005404	0.26804256426611694	0.49843478369364635
20200807	0.0674845975135461	0.26802941242814765	0.5201442788640491
20200808	0.07181839402427638	0.26888920119762144	0.5210044939178127
20200809	0.07591146728491222	0.2637544030053197	0.5234449916827033
20200810	0.07658226191855515	0.2553514546023713	0.5158526524214173
20200811	0.08126976191855516	0.2506558024284583	0.5008193582576885
20200812	0.0892062698550631	0.24978232942383777	0.5000332996740771
20200813	0.09054245996024424	0.25382080892323067	0.5115484511892285
20200814	0.08474660032189942	0.2612063816735786	0.527414152308386
20200815	0.08548823506678756	0.26177687213120227	0.5398147882384337
20200816	0.08752151428756678	0.2546734238553402	0.5331730083369852
20200817	0.08052964436886759	0.2558565815446454	0.5486902497162955
20200818	0.08172542357314935	0.2620542943391807	0.5186804745452299
20200819	0.08792232759791717	0.2614365214895054	0.5059922531892719
20200820	0.08492519876583418	0.26571914229720683	0.5165327937298125
20200821	0.08099104374887661	0.2761018268499185	0.5263817808384681
20200822	0.08433168750953765	0.2794162207893125	0.5176098510139067
20200823	0.08392223143894692	0.270731574044095	0.520062808003154
20200824	0.07702992374663922	0.27144374723704423	0.541186403508772
20200825	0.08064925523482318	0.27694557070952547	0.532297514619883
20200826	0.08249109450707205	0.2592976708382057	0.5234855965565683
20200827	0.08118410339491522	0.2518166102321452	0.5651560771057674
20200828	0.078295516284634	0.2388112095607103	0.6198302224049127
20200829	0.08361867797143205	0.2198747373023405	0.6212587938334841
20200830	0.08460649844111781	0.2075717506164823	0.6191297186505168
20200831	0.08084564421954599	0.21109830894779447	0.6580993975280809
20200901	0.0855441212300007	0.21504613807944714	0.6172047003679904
20200902	0.08998091478593159	0.22782529440699056	0.5904240735873636
20200903	0.09123117967256011	0.23857585139318888	0.6732060284745816
20200904	0.0860875150470302	0.23897397785688906	0.7178239925464378
20200905	0.09136397358914165	0.23834772868966722	0.7255792752104494
20200906	0.09183096773489227	0.22842887171198673	0.7163170390029041
20200907	0.08829856694381928	0.21676220504532004	0.7391778308292132
20200908	0.09088341664908783	0.21020180794172005	0.6307756877469567
20200909	0.09462051058008758	0.20409304939910128	0.5858176630555987
20200910	0.09610631291334755	0.2031344375373462	0.6369905302302588
20200911	0.09302444129033412	0.20560066198748483	0.6892489128732568
20200912	0.09826813727180075	0.20264816403498692	0.6848774765441773
20200913	0.09919402619177464	0.19729671979965427	0.7062288566242538
20200914	0.09797814438198701	0.1901186383821245	0.7511583098870405
20200915	0.09858901499285762	0.19194736420505115	0.667739065900786
