date	New Delhi	Dubai
20191117	1.666160317957686	0.015901644103244704
20191118	1.7087113817342803	0.014591138924635533
20191119	1.6929777744752497	0.013746493374107627
20191120	1.6621106379819786	0.013829215690332483
20191121	1.6902859587431949	0.01535029461793592
20191122	1.7092732142465	0.014783213455643299
20191123	1.6754984262148274	0.015749484555078637
20191124	1.6669235278569416	0.019665568471162555
20191125	1.716117748143071	0.02070846922263913
20191126	1.7045333085419874	0.019797684195056408
20191127	1.7167445038742268	0.022603157085933162
20191128	1.8200644233913295	0.020207116135675347
20191129	1.9962504831758772	0.014361336676129158
20191130	1.993270729537651	0.010621182701213892
20191201	2.092113149253857	0.010773759416786483
20191202	2.1343975916748805	0.00818208788211236
20191203	2.10453696449718	0.008852226696581072
20191204	1.9881100707802097	0.01139009129042345
20191205	2.0465770939531156	0.01477997699168367
20191206	2.05093606831209	0.015514574464294726
20191207	1.9899355716756726	0.016348602296671483
20191208	1.9421306936268923	0.015420955027973008
20191209	1.9683923948885933	0.015100348881978237
20191210	1.9678576355303048	0.01540243516537293
20191211	1.9492183869900663	0.016662464618958144
20191212	2.0737394150274495	0.017445828090929212
20191213	2.147643297261538	0.01760846145028388
20191214	2.090612365230606	0.017740478965478968
20191215	2.046076963823167	0.017000404958078225
20191216	2.08390103524765	0.01689153565278035
20191217	2.0046908362426747	0.0151735279899451
20191218	1.9787381735207812	0.01819834554964638
20191219	2.0281792496859956	0.018514667009815328
20191220	2.047993757951489	0.021916277012085397
20191221	2.0062448325031417	0.02139154258090343
20191222	2.042230509215123	0.02504102137967909
20191223	2.085668711462314	0.024397156200930185
20191224	2.0496891737586385	0.023242138553227844
20191225	2.0403530791122533	0.018679235951109555
20191226	2.0297580600961815	0.018011380854655746
20191227	2.009732582389175	0.01474634924171363
20191228	2.0007438183442314	0.013099716478576015
20191229	2.023954687077488	0.013806395150914325
20191230	2.0456903483935496	0.01588813693853847
20191231	2.0264387656852896	0.015642878599754946
20200101	2.0165430310881334	0.014969601469919047
20200102	2.0631524164152983	0.015339957956780387
20200103	2.0872973169128106	0.01689350476235722
20200104	2.0599057247247936	0.017315582684435143
20200105	2.0657178358659616	0.01858895470248801
20200106	2.081015632318788	0.022279442499439688
20200107	2.002037616870184	0.0216729089141827
20200108	2.030434356000619	0.019942127123313388
20200109	2.0587693444150514	0.01599492215436929
20200110	2.0690509212453003	0.01970270887395184
20200111	2.02857462358177	0.017121685654065445
20200112	2.0251667126972235	0.01980292733812692
20200113	1.912601017522833	0.023213614486440878
20200114	1.9045721134682363	0.024765153323763788
20200115	1.9667246735518311	0.022763792565926345
20200116	2.021385116256243	0.02333448535129949
20200117	1.9881407904885529	0.019793692216430254
20200118	1.9787641857848453	0.01748913510966744
20200119	1.9659142417758868	0.01668338553987293
20200120	1.9836422390910975	0.012565075788292857
20200121	1.9571255509111236	0.009308082563304287
20200122	2.0333160271015998	0.00964614882429144
20200123	2.086053661019995	0.008729878480908223
20200124	2.077543160631092	0.009552587982863006
20200125	2.042532733102416	0.01199779082643684
20200126	2.0959076588302827	0.013374446751964947
20200127	2.047246944544569	0.01326209127372929
20200128	2.1320610189148206	0.013353188672030974
20200129	2.159782045619513	0.015238415321995746
20200130	2.146928528578179	0.013931724250204003
20200131	2.085785519540433	0.013256768359528548
20200201	2.065673340053254	0.013267075583518268
20200202	2.0382230435760995	0.012707958400123625
20200203	2.0244104633450344	0.014133493698748695
20200204	1.999379496449253	0.015618595236042296
20200205	2.033303191932607	0.017461913208392528
20200206	2.062024605654021	0.016478450671888904
20200207	2.029380791627228	0.01478393466158342
20200208	2.0420359759989766	0.012635145966599499
20200209	2.150187241347452	0.0109563192355807
20200210	2.1516913922253553	0.011174393042284592
20200211	2.138183230598382	0.012778458362283867
20200212	2.1338385012536527	0.012819113589021455
20200213	2.1151566438072913	0.010216034659509026
20200214	2.0368676082681496	0.008913731609633161
20200215	2.012040765524584	0.006890733498577178
20200216	2.053802255106378	0.005806743492811275
20200217	2.0481301494342725	0.007318311786260595
20200218	2.050405202383988	0.008507338953378529
20200219	2.046797419881733	0.009617432377082503
20200220	2.0165213544837166	0.009561012143619468
20200221	1.9582614345710847	0.00974982172225175
20200222	1.9758490756881375	0.008539443536742453
20200223	2.03248448347444	0.008080769160387235
20200224	2.0190068388410167	0.008881116822720194
20200225	2.0652856784847855	0.009790755376937061
20200226	2.085846768602729	0.0106308393853379
20200227	2.139357205035366	0.009547232390645552
20200228	2.1377746430765727	0.010408321253922301
20200229	2.120213151407702	0.008514831932409947
20200301	2.0645591458670287	0.008839568378193078
20200302	2.0510524647547137	0.0068113655579110505
20200303	1.9449244764469573	0.007708415332838994
20200304	1.953156654774037	0.0073192448670060225
20200305	2.0057882337214057	0.0069730213664201054
20200306	2.1403465498014613	0.006020383560184026
20200307	2.180483640433601	0.011029749361629034
20200308	2.3282862485797495	0.015029013864708929
20200309	2.337264895351038	0.018572142884650776
20200310	2.3609130568506775	0.023809470113549724
20200311	2.4863459572835778	0.025202336094388978
20200312	2.736793482036053	0.023976035166595515
20200313	2.823527300185021	0.033796781067538514
20200314	2.982793995028639	0.03482899565790706
20200315	3.1883276990839757	0.03633848574025978
20200316	3.28226709302337	0.063407785004681
20200317	3.4581309228106036	0.1005620138604024
20200318	6.220240568889715	0.13859794689429378
20200319	7.737502473651619	0.16729140447534602
20200320	7.091215344938749	0.18231938209325166
20200321	6.42303352675693	0.1572036847824324
20200322	5.638636363636364	0.12074840022958688
20200323	2.4178571428571427	0.07585592711130731
20200324	0.34606227106227105	0.05635128314845901
20200325	0.3655067155067155	0.036660706495857044
20200326	0.4973248973248974	0.040356030779416616
20200327	0.4938161253950727	0.04927108544720468
20200328	0.40429231587126324	0.050028661204780445
20200329	0.4486362072739782	0.037747959450394476
20200330	0.4841917628295337	0.040094362661262026
20200331	0.36119711042311664	0.040094362661262026
20200401	0.4730392156862745	0.03201554492727188
20200402	0.5287967914438503	0.025250217231711624
20200403	0.4817379679144385	0.030972214532656295
20200404	0.6445951107715813	0.03128897094697368
20200405	0.7857715813598166	0.02496544153520898
20200406	0.7107715813598167	0.028023085645484662
20200407	0.6478345184227537	0.033540641505037785
20200408	0.7890109890109891	0.027913475877872164
20200409	0.7861538461538462	0.028968670683066966
20200410	0.7111538461538462	0.028573933840961706
20200411	0.7911538461538461	0.023505707720104005
20200412	0.9142307692307693	0.017386708396236523
20200413	0.8671719457013575	0.017061793317223087
20200414	0.7843148028442146	0.019232845948802035
20200415	1.0343148028442146	0.027938393601718108
20200416	0.9876481361775478	0.02979024545356996
20200417	0.951750700280112	0.02993526640104015
20200418	0.9040726817042607	0.03242580864568075
20200419	0.9219298245614034	0.027081679091024886
20200420	0.6913742690058479	0.01839852785468216
20200421	0.6633040935672514	0.019922618316825718
20200422	0.6966374269005848	0.019640761025622632
20200423	0.6957220950928045	0.015398247813643772
20200424	0.6310669226790113	0.014885427300823258
20200425	0.611622478234567	0.018262354882318477
20200426	0.5887122615163006	0.017336555018465517
20200427	0.5420455948496341	0.01871221639412689
20200428	0.5576977687626774	0.02082186247323862
20200429	0.7673529411764706	0.022963642262077234
20200430	0.8188235294117648	0.02076484023008087
20200501	0.8147314578005116	0.016092475557716195
20200502	0.7310950941641479	0.02222042168566233
20200503	0.7910950941641478	0.022455025791234175
20200504	0.6044284274974812	0.020949143438292996
20200505	0.563957839262187	0.02127972195068969
20200506	0.7231969696969697	0.024449403259905887
20200507	0.8468333333333333	0.022255045893134727
20200508	0.7133449612403101	0.02101565709856766
20200509	0.6700116279069768	0.02061285989577046
20200510	0.8006782945736435	0.018746407763831602
20200511	0.7231782945736434	0.015964403851638602
20200512	0.7286955359529539	0.015367064725925866
20200513	0.8351250845165652	0.0141539254948695
20200514	0.8513750845165651	0.014213865554809562
20200515	0.6317672413793103	0.0153216518921114
20200516	0.597481527093596	0.015375569936683653
20200517	0.5609965437788018	0.014374370583291569
20200518	0.5747220339748803	0.019090900192132887
20200519	0.5556515211543674	0.01881440249628035
20200520	0.920021269053527	0.018517349815844054
20200521	1.2514498404820986	0.019647708007270948
20200522	1.5855754771544244	0.015936996349539424
20200523	1.9744643660433134	0.01099963181480521
20200524	2.282406830083338	0.019303340395011487
20200525	2.352059339735848	0.024632299753495176
20200526	2.2255287274909503	0.02506723673201462
20200527	2.606815277198552	0.02824183990661779
20200528	2.614896085279361	0.032401377973341486
20200529	2.5407043666179883	0.025833570994434812
20200530	2.494623285536907	0.02280201525514861
20200531	2.66671374334165	0.027055578645996326
20200601	2.310504593014853	0.025702764793182464
20200602	2.0677015627118225	0.021438518110903
20200603	2.2134379968203497	0.018364207373157793
20200604	2.17843799682035	0.018404191379555228
20200605	2.024887836490529	0.015207710441138809
20200606	1.9558833116036507	0.015348915390036067
20200607	1.9842025206431988	0.021756019215172676
20200608	2.1538994903401685	0.026965396093553768
20200609	2.0894927106791514	0.026325438172978683
20200610	2.072415640004383	0.02600533574020019
20200611	2.075407092995836	0.029166449278185173
20200612	2.0855138098822144	0.026985598214355387
20200613	1.834604718973123	0.025267713121780472
20200614	1.8106998103224516	0.023140175889878913
20200615	1.8003634690591213	0.02955312164954328
20200616	1.7336968023924544	0.0240687061186008
20200617	1.7708661145617668	0.027382650707610444
20200618	1.755108538804191	0.02518056846657981
20200619	1.7361738503042852	0.028912383773347684
20200620	1.7338791643139473	0.020471888098809454
20200621	1.7403925742756328	0.020215768020186545
20200622	1.7100656977623157	0.01556277399749425
20200623	1.5555586014830676	0.018586683983429553
20200624	1.6294716449613282	0.015711849839245565
20200625	1.6134754763789527	0.01966789379528952
20200626	1.5528990481751443	0.019744140427729918
20200627	1.5439402104027469	0.018864816119040808
20200628	1.6443753369850256	0.014373090350719295
20200629	1.6110420036516924	0.01881238006436511
20200630	1.5400261602220557	0.01539825993791622
20200701	1.59567648005148	0.01772192603592198
20200702	1.4512320356070356	0.020538310605437142
20200703	1.3413213213213213	0.02155781415153643
20200704	1.2496546546546545	0.015240949143722992
20200705	1.2318563685636854	0.013576491933530036
20200706	1.11306967580439	0.012820084501643422
20200707	1.0898449473165037	0.010676509643990192
20200708	1.2185568911104148	0.010553960624382347
20200709	1.212184342090807	0.011709731407271776
20200710	1.2811322853015823	0.012595246903792962
20200711	1.212543562778486	0.014392632524707996
20200712	1.2540557940609172	0.011644688644688645
20200713	1.1725707410233088	0.013554872072898638
20200714	1.1432467726299813	0.01482471334273991
20200715	1.08025291837186	0.01577655038823772
20200716	1.1433212974069173	0.012548217635018089
20200717	1.1616504504071103	0.01700202866417158
20200718	1.1394785047057527	0.02049948197486768
20200719	1.1292072801832043	0.020765582470267534
20200720	1.154772891042933	0.020961769401199676
20200721	1.2001979397126277	0.021564051734251237
20200722	1.2475495378861439	0.01977123562415718
20200723	1.3446491595759293	0.013222486702673142
20200724	1.3842443524918056	0.010278023634173869
20200725	1.517257173004626	0.012071176128332153
20200726	1.5375037661259756	0.015193437302740568
20200727	1.6295163447423278	0.015547205398444147
20200728	1.6050957681453801	0.016387284304641002
20200729	1.6913702779493023	0.023631918733352374
20200730	1.5026798017588259	0.026729957949038652
20200731	1.4104223390722588	0.026430277419791526
20200801	1.18174309378924	0.026935327924842028
20200802	1.078294817927171	0.030447990680601077
20200803	0.9817261904761905	0.025618344339392418
20200804	0.9887183544303797	0.019299016608299982
20200805	0.996754068716094	0.017803562144350478
20200806	1.0485187745984468	0.015901279405063327
20200807	1.0485187745984468	0.015353143068607281
20200808	0.9712460473257197	0.014509941590485164
20200809	0.9794919786096257	0.01789256046081811
20200810	0.8902062643239115	0.019175324389496436
20200811	0.8524675324675325	0.01861548591666237
20200812	1.0154304954304954	0.014934604686430064
20200813	1.1248460798460798	0.01510571243083787
20200814	1.1806702556702555	0.01091198650898867
20200815	1.375150775150775	0.010944426393827077
20200816	1.4864906547833376	0.009607361717210161
20200817	1.4161202844129672	0.01178896549079507
20200818	1.4516603540993784	0.00997859475374081
20200819	1.6357359276486363	0.0
20200820	1.6703094622221706	0.0
20200821	1.7237671379753992	0.0
20200822	1.7054013495065174	0.0
20200823	1.7371086665796884	0.0
20200824	1.5902898122148608	0.0
20200825	1.4862357581608068	0.0
20200826	1.5684648603279894	0.0
20200827	1.728523770489992	0.0
20200828	1.752851475305502	0.0
20200829	1.8711991517254674	0.0
20200830	2.1211991517254676	0.0
20200831	2.0766171083818143	0.0
20200901	2.044741032650317	0.0
20200902	2.024911972821257	0.0
20200903	1.9363405442498283	0.0
20200904	1.7403405442498285	0.0
20200905	1.714594593695694	0.0
20200906	1.7121849551414765	0.0
20200907	1.7048150535943598	0.0
20200908	1.7578528204252304	0.0
20200909	1.7788528204252305	0.0
20200910	1.7588212520510016	0.0
20200911	1.6937610110871464	0.0
20200912	1.6702420237453741	0.0
20200913	1.8159055556158024	0.0
20200914	1.8702159004433887	0.0
20200915	1.9568067817537418	0.0
