date	Singapore	Seoul	Hong Kong	Tokyo
20191117	976.2	883.6	1007.6	216.8
20191118	979.4000000000001	860.4000000000001	1012.8	235.8
20191119	980.6	818.2	1019.6	250.6
20191120	989.6	815.8	1027.4	255.2
20191121	996.2	815.2	1023.0	244.2
20191122	987.8	846.0	1018.0	298.8
20191123	977.2	907.8	1008.2	367.6
20191124	978.4000000000001	963.4000000000001	1001.0	432.6
20191125	981.2	980.2	1008.4	545.8
20191126	980.6	981.2	1019.0	678.0
20191127	970.5999999999999	973.4000000000001	1006.1999999999999	762.4000000000001
20191128	974.0	959.4	1008.2	838.8
20191129	968.8	820.4	998.1999999999999	845.4000000000001
20191130	959.8	712.0	982.6	707.4
20191201	961.4000000000001	677.0	979.2	564.2
20191202	984.8	633.6	1005.8	404.2
20191203	981.8	570.8	1011.2	229.2
20191204	991.5999999999999	673.2	1017.8	113.6
20191205	997.0	687.0	1026.8	161.6
20191206	991.5999999999999	668.8	1026.0	187.20000000000002
20191207	990.0	730.0	1011.4	183.4
20191208	997.4000000000001	788.4	1010.0	179.4
20191209	980.4	738.8	995.5999999999999	203.8
20191210	988.0	801.4	995.2	201.0
20191211	992.8	783.0	994.0	209.8
20191212	965.4000000000001	749.2	980.2	227.8
20191213	963.4	765.8	982.0	235.60000000000002
20191214	985.2	852.2	1016.2	250.8
20191215	989.8	876.0	1040.4	260.0
20191216	965.6	875.2	1033.8	263.6
20191217	1000.2	864.8	1065.4	294.6
20191218	1004.4	857.6	1071.0	320.8
20191219	997.4	850.8	1063.0	305.2
20191220	981.4000000000001	840.0	1042.6	307.40000000000003
20191221	1003.2	917.5999999999999	1046.4	314.20000000000005
20191222	979.4	937.2	1020.8	260.0
20191223	978.0	870.4	1023.4000000000001	220.8
20191224	984.8000000000001	893.4000000000001	1020.4	235.20000000000002
20191225	988.6	909.0	1019.2	254.60000000000002
20191226	988.4	898.2	1027.2	265.8
20191227	1006.0	865.0	1040.0	365.6
20191228	984.5999999999999	945.6	975.4	470.79999999999995
20191229	990.0	925.4000000000001	969.0	558.8
20191230	991.2	916.0	969.6	643.4
20191231	1003.8000000000001	840.4000000000001	962.4	730.8
20200101	1003.6	889.8	964.0	770.5999999999999
20200102	998.8000000000001	887.4	985.2	761.8
20200103	984.8	901.6	980.1999999999999	771.0
20200104	983.0	926.2	972.8	774.4
20200105	977.8	1026.6	978.6	787.4
20200106	974.0	1015.4000000000001	976.8	792.4
20200107	976.5999999999999	1011.2	979.8	813.5999999999999
20200108	975.2	1010.5999999999999	986.2	799.5999999999999
20200109	970.4	1007.8	986.4	806.4
20200110	962.4000000000001	1002.4	980.2	802.4
20200111	964.1999999999999	1031.4	987.2	805.5999999999999
20200112	991.0	1015.2	1027.4	797.2
20200113	966.5999999999999	972.8	1004.0	735.0
20200114	953.2	973.6	990.4000000000001	726.2
20200115	959.1999999999999	950.0	1005.2	731.0
20200116	942.0	941.8	984.1999999999999	720.8
20200117	940.4	959.6	986.8	742.6
20200118	975.2	1007.6	1026.1999999999998	815.2
20200119	1006.5999999999999	969.2	1051.0	818.4
20200120	981.6	954.4	1013.4	804.6
20200121	1005.6	947.8	1020.8	805.5999999999999
20200122	1008.8	936.0	991.8000000000001	810.2
20200123	1005.6	913.2	963.8	779.4000000000001
20200124	991.2	897.5999999999999	943.2	729.6
20200125	985.4000000000001	932.0	940.6	742.4
20200126	980.8	921.6	940.8	746.0
20200127	968.8	931.6	942.6	748.5999999999999
20200128	957.8	928.4000000000001	929.8	731.8
20200129	948.0	927.2	914.4000000000001	759.8
20200130	958.8	916.0	903.0	726.0
20200131	938.0	920.2	866.2	735.6
20200201	926.4	905.2	830.8	707.0
20200202	892.5999999999999	900.4	810.8	757.0
20200203	797.4000000000001	928.8	788.4	776.0
20200204	781.6	916.2	764.0	805.5999999999999
20200205	779.4000000000001	858.0	731.8	781.4000000000001
20200206	752.2	806.0	692.8	741.4000000000001
20200207	764.6	795.8	648.2	744.8
20200208	847.4	759.0	607.4000000000001	735.0
20200209	841.6	713.4	566.8	723.0
20200210	834.8	754.2	562.8	728.6
20200211	857.6	779.6	548.0	714.4
20200212	857.8	749.0	531.8	714.8
20200213	840.0	716.8	517.2	729.4000000000001
20200214	841.8	744.6	512.6	746.8
20200215	836.2	692.8	486.4	699.2
20200216	834.8	693.6	479.2	689.6
20200217	825.8	686.8	479.0	683.0
20200218	837.8	687.8	475.6	622.4000000000001
20200219	831.8	641.6	467.79999999999995	612.2
20200220	816.2	667.6	461.4	670.6
20200221	792.8	644.8	455.8	755.2
20200222	782.5999999999999	633.4	449.8	685.8
20200223	775.6	657.2	453.0	726.0
20200224	770.2	651.4	467.8	710.2
20200225	732.0	612.8	469.8	725.8
20200226	670.0	552.8	461.6	694.4
20200227	558.2	518.2	451.0	782.0
20200228	472.0	466.8	439.6	804.8
20200229	401.6	433.6	424.2	826.0
20200301	373.6	404.8	420.79999999999995	816.2
20200302	334.2	397.6	429.79999999999995	850.8
20200303	352.2	369.8	427.0	834.0
20200304	351.8	339.6	414.6	763.0
20200305	349.0	315.6	405.6	756.4000000000001
20200306	344.0	270.8	395.6	690.8
20200307	371.6	255.39999999999998	379.6	606.2
20200308	397.40000000000003	245.2	377.79999999999995	583.8
20200309	391.8	238.6	385.4	570.4
20200310	378.4	233.6	375.4	540.8
20200311	369.4	239.39999999999998	378.2	505.0
20200312	345.4	210.39999999999998	380.4	535.4000000000001
20200313	328.8	205.6	385.2	479.0
20200314	303.8	194.0	384.4	522.6
20200315	263.0	189.8	396.0	463.79999999999995
20200316	203.6	194.8	394.0	498.8
20200317	170.4	209.0	383.6	532.0
20200318	126.0	202.6	370.8	581.2
20200319	94.19999999999999	199.8	366.20000000000005	524.0
20200320	90.4	190.8	358.2	537.0
20200321	97.80000000000001	191.2	346.0	490.0
20200322	91.4	193.8	351.8	483.4
20200323	81.8	188.4	348.79999999999995	485.6
20200324	82.2	190.4	324.4	540.4
20200325	79.2	194.4	309.6	582.4
20200326	80.8	189.8	302.8	650.2
20200327	84.2	189.0	293.4	638.8
20200328	88.8	195.60000000000002	289.2	572.8
20200329	89.6	199.8	300.79999999999995	523.4
20200330	87.0	203.0	308.2	528.4
20200331	82.6	199.4	296.4	516.0
20200401	82.2	195.8	287.0	488.2
20200402	81.0	199.2	288.6	491.79999999999995
20200403	84.6	200.2	284.0	505.2
20200404	87.0	202.4	282.6	464.4
20200405	84.4	213.2	298.20000000000005	417.6
20200406	77.2	213.2	304.4	393.2
20200407	76.4	208.4	292.2	394.4
20200408	72.4	211.6	286.6	371.0
20200409	70.6	222.0	282.4	328.6
20200410	78.80000000000001	210.0	278.0	333.8
20200411	83.4	217.4	279.4	301.6
20200412	82.0	224.60000000000002	291.8	263.8
20200413	78.4	223.0	307.0	248.0
20200414	81.4	213.6	300.2	248.39999999999998
20200415	81.6	225.2	297.6	211.39999999999998
20200416	79.2	235.0	305.0	208.4
20200417	85.4	240.0	306.2	200.8
20200418	92.4	246.8	300.6	177.4
20200419	94.19999999999999	256.20000000000005	328.8	147.8
20200420	89.4	261.0	344.79999999999995	133.2
20200421	96.0	250.6	338.0	132.8
20200422	89.6	237.6	339.4	129.2
20200423	77.8	228.6	355.6	127.2
20200424	76.0	220.79999999999998	351.0	138.8
20200425	77.80000000000001	214.6	347.4	141.8
20200426	75.0	215.0	359.4	124.4
20200427	78.6	221.20000000000002	362.0	117.2
20200428	86.2	222.39999999999998	339.2	123.6
20200429	86.6	220.4	325.0	127.2
20200430	93.6	221.6	324.2	140.8
20200501	96.2	221.2	313.4	150.8
20200502	85.6	224.60000000000002	316.0	153.8
20200503	79.6	223.0	341.20000000000005	135.8
20200504	73.19999999999999	234.2	356.6	122.4
20200505	74.8	231.0	355.6	122.0
20200506	82.4	237.6	362.4	113.4
20200507	99.8	241.4	366.0	112.0
20200508	115.0	252.8	366.20000000000005	114.80000000000001
20200509	131.4	241.20000000000002	372.6	115.0
20200510	127.6	243.8	384.6	104.4
20200511	123.6	243.6	395.0	105.2
20200512	126.19999999999999	228.2	386.20000000000005	117.0
20200513	125.39999999999999	226.0	371.0	129.0
20200514	116.0	240.4	367.0	141.0
20200515	107.0	244.20000000000002	362.8	149.2
20200516	100.0	242.39999999999998	358.79999999999995	158.2
20200517	84.2	254.60000000000002	371.6	156.2
20200518	85.2	259.2	380.4	140.4
20200519	93.2	249.8	364.20000000000005	123.80000000000001
20200520	103.0	249.0	363.2	125.2
20200521	100.19999999999999	253.60000000000002	361.79999999999995	115.4
20200522	112.19999999999999	260.79999999999995	355.6	115.6
20200523	107.4	265.6	356.0	118.6
20200524	94.80000000000001	268.6	364.2	127.6
20200525	91.2	272.6	367.0	116.2
20200526	104.0	256.0	352.0	129.0
20200527	106.0	233.8	344.0	127.80000000000001
20200528	119.80000000000001	210.2	338.0	150.4
20200529	133.8	209.0	336.8	162.0
20200530	142.2	217.0	331.20000000000005	170.8
20200531	142.8	230.60000000000002	340.0	181.2
20200601	143.8	231.0	345.6	197.2
20200602	137.8	240.2	336.4	190.0
20200603	136.2	240.8	323.6	188.0
20200604	141.6	231.6	321.8	190.8
20200605	145.0	234.60000000000002	324.2	176.0
20200606	150.60000000000002	252.20000000000002	325.4	164.4
20200607	149.2	265.20000000000005	333.6	183.6
20200608	147.4	265.0	344.79999999999995	188.0
20200609	143.8	249.60000000000002	334.4	183.6
20200610	141.0	232.4	321.20000000000005	203.4
20200611	140.60000000000002	234.0	312.0	214.6
20200612	146.4	234.8	312.8	228.0
20200613	150.6	244.2	313.4	263.6
20200614	143.6	266.8	321.8	283.2
20200615	142.8	277.79999999999995	336.6	306.6
20200616	140.60000000000002	268.8	336.0	331.20000000000005
20200617	135.4	252.4	325.2	324.8
20200618	140.4	222.60000000000002	330.4	321.0
20200619	146.4	204.2	334.6	336.4
20200620	148.0	212.39999999999998	329.2	317.79999999999995
20200621	145.6	220.0	336.2	315.20000000000005
20200622	145.6	224.0	348.6	329.6
20200623	138.60000000000002	227.4	332.4	316.6
20200624	137.2	234.0	317.4	297.0
20200625	141.2	217.6	316.4	290.4
20200626	145.6	208.60000000000002	312.20000000000005	298.4
20200627	149.0	203.0	308.8	324.4
20200628	148.8	229.8	319.4	310.2
20200629	143.60000000000002	233.6	331.6	321.6
20200630	138.0	235.20000000000002	322.4	365.6
20200701	136.60000000000002	236.39999999999998	310.4	347.6
20200702	139.0	245.8	311.6	307.4
20200703	141.6	235.39999999999998	305.4	325.20000000000005
20200704	148.6	238.2	301.2	321.8
20200705	149.4	246.0	313.4	283.4
20200706	147.39999999999998	228.39999999999998	331.0	305.2
20200707	144.8	229.0	319.6	316.0
20200708	142.8	234.2	310.20000000000005	327.8
20200709	144.8	227.4	310.2	364.0
20200710	149.4	235.4	305.2	394.6
20200711	152.8	254.39999999999998	306.0	402.0
20200712	147.4	231.2	315.4	422.4
20200713	145.6	225.79999999999998	332.8	418.0
20200714	144.4	224.79999999999998	321.0	410.0
20200715	143.0	207.2	311.8	400.0
20200716	147.6	185.6	307.79999999999995	392.4
20200717	155.8	219.2	303.2	439.6
20200718	160.60000000000002	229.0	298.6	475.4
20200719	156.60000000000002	232.0	314.0	480.0
20200720	156.8	245.2	326.6	510.59999999999997
20200721	155.60000000000002	250.0	319.6	554.0
20200722	153.4	225.6	312.8	525.0
20200723	159.60000000000002	218.8	313.2	528.0
20200724	161.8	215.0	308.0	530.4
20200725	165.2	194.2	294.0	512.4000000000001
20200726	159.4	198.60000000000002	298.8	502.8
20200727	159.8	199.2	309.0	514.8
20200728	155.60000000000002	174.6	301.4	528.0
20200729	159.2	166.79999999999998	294.4	567.2
20200730	162.8	165.6	311.6	605.2
20200731	169.8	164.2	307.0	588.8
20200801	174.4	160.4	307.6	607.2
20200802	172.6	167.0	317.4	607.0
20200803	172.2	163.60000000000002	331.79999999999995	596.0
20200804	167.2	160.0	318.20000000000005	579.6
20200805	165.6	154.0	316.0	612.8
20200806	169.0	149.39999999999998	316.6	600.2
20200807	168.8	149.0	312.4	591.4
20200808	174.39999999999998	160.0	307.6	589.0
20200809	167.6	180.4	317.0	575.8
20200810	167.8	205.0	313.0	570.0
20200811	161.2	223.2	307.2	548.8
20200812	165.2	230.60000000000002	298.0	561.4
20200813	167.4	239.39999999999998	287.8	536.4
20200814	177.6	225.0	288.6	529.0
20200815	183.0	225.0	300.8	498.4
20200816	183.2	216.2	312.0	498.2
20200817	184.60000000000002	225.39999999999998	328.6	484.0
20200818	180.2	200.79999999999998	334.6	490.8
20200819	176.4	195.0	326.8	491.20000000000005
20200820	177.8	189.0	329.6	493.0
20200821	178.4	181.20000000000002	324.20000000000005	476.0
20200822	180.8	199.6	322.6	438.8
20200823	175.39999999999998	207.2	335.20000000000005	438.79999999999995
20200824	176.60000000000002	232.0	346.4	441.8
20200825	168.2	242.0	342.4	445.6
20200826	165.8	265.6	334.6	437.2
20200827	165.0	251.4	337.0	439.4
20200828	169.4	242.0	334.4	405.8
20200829	172.2	257.0	336.8	405.4
20200830	170.39999999999998	261.2	343.4	404.2
20200831	174.8	272.6	358.6	381.20000000000005
20200901	169.8	255.4	348.4	361.0
20200902	170.8	245.39999999999998	333.4	379.6
20200903	173.6	213.0	329.79999999999995	390.0
20200904	176.2	219.8	332.4	397.79999999999995
20200905	179.2	218.8	331.8	444.0
20200906	177.8	236.2	344.8	493.79999999999995
20200907	178.0	262.8	367.0	512.8
20200908	172.8	253.0	362.6	512.0
20200909	175.2	244.0	347.6	499.2
20200910	177.0	244.39999999999998	347.6	490.0
20200911	180.0	252.8	345.6	497.6
20200912	184.0	265.4	339.8	519.6
20200913	182.6	296.20000000000005	344.6	555.8
20200914	182.4	284.6	361.4	594.6
20200915	176.0	263.6	349.6	619.2
