date	New Delhi	Dubai
20191117	1148.0	1009.2
20191118	1179.0	1009.4
20191119	1155.6	1016.0
20191120	1143.8	1021.6
20191121	1144.0	1015.0
20191122	1137.4	999.4
20191123	1125.2	996.5999999999999
20191124	1160.0	995.6
20191125	1176.4	993.4
20191126	1264.2	1003.6
20191127	1248.2	992.0
20191128	1247.4	993.0
20191129	1207.2	983.2
20191130	1175.8	986.5999999999999
20191201	1187.4	982.4000000000001
20191202	1216.4	1005.8
20191203	1223.1999999999998	1009.2
20191204	1259.0	1018.4000000000001
20191205	1286.0	1012.0
20191206	1268.6	1008.5999999999999
20191207	1255.1999999999998	1006.8
20191208	1242.6	1005.1999999999999
20191209	1229.8	982.2
20191210	1129.8000000000002	994.2
20191211	1131.4	1000.5999999999999
20191212	1094.6	979.4000000000001
20191213	1075.6	984.2
20191214	1069.8	1012.5999999999999
20191215	1155.2	1009.8
20191216	1133.6	989.0
20191217	1173.0	1022.8
20191218	1198.6	1018.4
20191219	1214.0	1009.4000000000001
20191220	1228.2	1005.0
20191221	1245.4	1027.4
20191222	1182.4	996.2
20191223	1179.8	1001.4
20191224	1174.1999999999998	1010.2
20191225	1155.2	1007.4
20191226	1161.6	1004.4
20191227	1219.8	1028.0
20191228	1201.0	1004.4000000000001
20191229	1207.2	1005.5999999999999
20191230	1227.0	1023.4000000000001
20191231	1229.6	1032.8
20200101	1228.8	1036.4
20200102	1234.6	1029.0
20200103	1239.4	1024.0
20200104	1244.0	1011.5999999999999
20200105	1251.0	997.0
20200106	1234.0	974.6
20200107	1229.1999999999998	981.4
20200108	1218.1999999999998	982.0
20200109	1211.0	976.4000000000001
20200110	1201.8000000000002	988.0
20200111	1224.8000000000002	1011.0
20200112	1249.0	1032.0
20200113	1211.8000000000002	1001.2
20200114	1183.8000000000002	979.8
20200115	1173.8	977.2
20200116	1133.8	939.8
20200117	1098.0	937.2
20200118	1116.4	962.4
20200119	1070.8	982.5999999999999
20200120	1015.4000000000001	955.0
20200121	1028.8	984.4000000000001
20200122	1054.8	964.0
20200123	1080.1999999999998	947.4
20200124	1146.4	936.8
20200125	1188.6	913.4
20200126	1207.4	898.4
20200127	1200.2	905.8
20200128	1131.2	907.0
20200129	1124.0	891.8
20200130	1140.0	920.2
20200131	1144.0	911.5999999999999
20200201	1142.1999999999998	909.4000000000001
20200202	1209.6	817.2
20200203	1219.4	745.8
20200204	1229.0	728.2
20200205	1226.6	716.4
20200206	1213.2	688.2
20200207	1224.8	759.0
20200208	1236.0	818.4000000000001
20200209	1216.1999999999998	808.8
20200210	1210.0	823.8
20200211	1223.2	829.6
20200212	1194.0	825.4000000000001
20200213	1176.1999999999998	828.6
20200214	1193.4	848.2
20200215	1205.2	853.6
20200216	1228.4	838.6
20200217	1253.8	852.8
20200218	1255.2	859.8
20200219	1255.0	870.2
20200220	1249.8	728.4000000000001
20200221	1251.6	725.6
20200222	1255.2	735.0
20200223	1277.8	744.8
20200224	1280.0	741.2
20200225	1291.2	880.0
20200226	1285.1999999999998	911.5999999999999
20200227	1280.4	843.4
20200228	1275.0	805.0
20200229	1278.4	802.0
20200301	1277.0	794.0
20200302	1282.0	795.4
20200303	1273.6	848.2
20200304	1261.6	853.2
20200305	1241.4	805.5999999999999
20200306	1217.2	775.4
20200307	1211.0	750.4
20200308	1212.2	736.0
20200309	1219.8	737.0
20200310	1204.0	745.8
20200311	1196.2	727.0
20200312	1174.2	670.0
20200313	1145.8000000000002	617.4
20200314	1085.4	569.0
20200315	1051.6	520.4000000000001
20200316	1001.2	477.2
20200317	877.2	440.6
20200318	758.4000000000001	386.2
20200319	663.2	324.4
20200320	487.4	248.4
20200321	318.4	178.4
20200322	217.2	129.4
20200323	122.80000000000001	92.4
20200324	31.0	65.4
20200325	26.6	57.400000000000006
20200326	26.200000000000003	58.0
20200327	27.6	68.8
20200328	26.0	78.19999999999999
20200329	28.4	84.6
20200330	30.6	95.0
20200331	31.0	99.80000000000001
20200401	28.0	89.0
20200402	29.2	89.0
20200403	27.799999999999997	90.19999999999999
20200404	31.400000000000002	94.4
20200405	30.8	97.6
20200406	31.6	108.6
20200407	30.6	110.6
20200408	28.0	106.6
20200409	25.0	100.80000000000001
20200410	26.200000000000003	103.6
20200411	27.4	105.2
20200412	29.0	108.8
20200413	33.4	120.0
20200414	33.8	127.6
20200415	32.8	124.19999999999999
20200416	34.599999999999994	124.4
20200417	38.6	125.6
20200418	38.4	133.8
20200419	43.0	139.2
20200420	45.4	149.39999999999998
20200421	45.8	151.2
20200422	41.4	148.8
20200423	42.6	144.39999999999998
20200424	42.6	145.39999999999998
20200425	44.4	147.0
20200426	43.0	155.60000000000002
20200427	45.4	165.0
20200428	44.6	166.0
20200429	40.2	159.4
20200430	38.8	158.8
20200501	41.2	152.2
20200502	43.599999999999994	153.6
20200503	45.4	153.4
20200504	48.599999999999994	164.6
20200505	50.4	163.4
20200506	51.599999999999994	161.2
20200507	50.6	161.60000000000002
20200508	56.0	167.2
20200509	61.4	170.0
20200510	61.800000000000004	172.0
20200511	61.0	184.4
20200512	64.8	180.4
20200513	57.2	170.0
20200514	57.2	167.2
20200515	57.6	175.2
20200516	63.8	179.0
20200517	70.2	187.39999999999998
20200518	78.6	197.8
20200519	78.6	195.0
20200520	124.19999999999999	179.60000000000002
20200521	173.0	172.8
20200522	219.0	171.6
20200523	272.6	176.0
20200524	323.6	187.2
20200525	338.20000000000005	207.0
20200526	338.4	209.60000000000002
20200527	340.20000000000005	190.0
20200528	334.4	161.4
20200529	340.6	157.8
20200530	343.6	158.2
20200531	351.2	160.39999999999998
20200601	352.6	185.0
20200602	363.20000000000005	217.0
20200603	360.6	211.8
20200604	357.0	200.4
20200605	363.6	201.8
20200606	372.6	201.2
20200607	376.2	206.2
20200608	378.0	217.2
20200609	385.0	228.6
20200610	381.8	230.8
20200611	377.8	222.60000000000002
20200612	381.4	214.6
20200613	395.4	219.8
20200614	404.8	227.2
20200615	413.8	236.39999999999998
20200616	423.2	254.8
20200617	424.6	257.6
20200618	424.0	249.2
20200619	415.79999999999995	246.39999999999998
20200620	417.2	248.2
20200621	409.20000000000005	254.2
20200622	407.4	265.8
20200623	399.0	272.8
20200624	392.0	263.0
20200625	381.6	253.8
20200626	381.4	248.0
20200627	375.6	244.39999999999998
20200628	373.6	250.39999999999998
20200629	376.6	265.2
20200630	379.0	272.0
20200701	367.6	260.6
20200702	368.8	253.8
20200703	368.4	252.6
20200704	374.8	252.0
20200705	377.2	259.0
20200706	397.6	274.0
20200707	400.6	289.79999999999995
20200708	404.2	280.4
20200709	404.2	275.2
20200710	404.4	279.0
20200711	404.0	286.0
20200712	405.4	292.4
20200713	414.4	310.0
20200714	403.6	318.8
20200715	403.4	309.0
20200716	400.20000000000005	299.6
20200717	402.0	301.0
20200718	394.4	303.4
20200719	408.2	314.6
20200720	413.8	327.4
20200721	417.6	338.4
20200722	415.2	321.4
20200723	419.0	308.4
20200724	424.6	297.79999999999995
20200725	415.6	276.6
20200726	417.2	268.8
20200727	417.0	278.4
20200728	411.4	292.2
20200729	395.0	284.20000000000005
20200730	399.0	294.2
20200731	396.79999999999995	302.20000000000005
20200801	409.0	306.79999999999995
20200802	419.6	311.6
20200803	430.8	328.2
20200804	442.20000000000005	346.8
20200805	440.4	344.0
20200806	437.0	337.2
20200807	439.6	336.6
20200808	444.6	339.6
20200809	442.0	339.0
20200810	409.6	331.0
20200811	409.20000000000005	344.79999999999995
20200812	402.6	338.4
20200813	332.0	334.0
20200814	323.0	334.79999999999995
20200815	370.6	358.79999999999995
20200816	378.8	345.0
20200817	352.4	334.2
20200818	432.0	343.6
20200819	443.4	334.2
20200820	451.6	329.8
20200821	460.4	352.6
20200822	508.20000000000005	382.8
20200823	514.8	394.20000000000005
20200824	523.8	406.79999999999995
20200825	510.4	410.4
20200826	503.20000000000005	394.6
20200827	504.79999999999995	384.0
20200828	500.6	374.20000000000005
20200829	449.6	374.6
20200830	360.20000000000005	391.8
20200831	363.8	404.4
20200901	375.0	346.8
20200902	384.8	284.0
20200903	459.8	249.39999999999998
20200904	581.0	240.6
20200905	587.4000000000001	253.0
20200906	554.2	336.0
20200907	557.4000000000001	408.6
20200908	551.4	452.79999999999995
20200909	555.8	434.4
20200910	572.4000000000001	423.2
20200911	594.8	407.4
20200912	603.8	408.20000000000005
20200913	602.4	418.79999999999995
20200914	568.4	437.2
20200915	568.2	450.8
