date	New York	Los Angeles	Dallas
20191117	1140.6	1665.2	1872.6
20191118	1161.6	1698.6	1964.4
20191119	1162.0	1683.2	1963.4
20191120	1153.8	1654.0	1945.8000000000002
20191121	1151.8	1652.0	1938.8000000000002
20191122	1139.0	1628.1999999999998	1932.4
20191123	1140.2	1618.6	1941.6
20191124	1109.6	1605.8	1841.6
20191125	1069.0	1525.8	1675.1999999999998
20191126	1058.8	1523.4	1624.0
20191127	1043.0	1513.0	1605.0
20191128	1043.8	1545.6	1630.4
20191129	1071.4	1577.0	1739.6
20191130	1124.8000000000002	1684.2	1921.4
20191201	1145.1999999999998	1707.4	1986.1999999999998
20191202	1176.2	1745.2	2022.8
20191203	1164.4	1702.6	1954.8
20191204	1155.8000000000002	1661.6	1861.8000000000002
20191205	1147.2	1649.4	1843.8
20191206	1145.4	1642.2	1811.0
20191207	1130.0	1638.8000000000002	1757.8000000000002
20191208	1142.0	1668.4	1782.8000000000002
20191209	1130.6	1674.6	1841.0
20191210	1138.0	1647.0	1784.2
20191211	1138.8000000000002	1656.6	1797.0
20191212	1113.4	1616.0	1773.0
20191213	1106.4	1606.4	1750.6
20191214	1146.1999999999998	1658.8000000000002	1792.6
20191215	1165.8000000000002	1731.0	1878.4
20191216	1144.0	1713.1999999999998	1886.6
20191217	1190.8000000000002	1792.4	1945.8
20191218	1203.6	1818.8000000000002	1936.8
20191219	1173.0	1817.4	1923.8
20191220	1118.8	1748.8000000000002	1781.0
20191221	1124.0	1766.4	1759.8000000000002
20191222	1086.2	1705.4	1727.6
20191223	1080.8	1684.4	1707.4
20191224	1096.6	1682.0	1716.6
20191225	1125.4	1742.0	1847.2
20191226	1131.2	1759.2	1888.6
20191227	1127.6	1759.6	1858.8000000000002
20191228	1091.2	1732.0	1861.0
20191229	1087.8000000000002	1755.8	1850.6
20191230	1081.8	1749.6	1851.8
20191231	1096.2	1757.8000000000002	1839.8000000000002
20200101	1127.0	1799.6	1909.2
20200102	1130.4	1775.0	1906.6
20200103	1128.8000000000002	1715.4	1854.0
20200104	1147.0	1678.8	1846.8
20200105	1140.6	1649.0	1800.4
20200106	1130.6	1597.6	1700.1999999999998
20200107	1120.4	1561.4	1646.0
20200108	1122.2	1569.1999999999998	1674.6
20200109	1104.2	1564.4	1635.8000000000002
20200110	1097.0	1536.6	1632.6
20200111	1104.6	1551.0	1703.1999999999998
20200112	1150.8	1615.8	1811.0
20200113	1073.4	1532.1999999999998	1720.4
20200114	1048.8	1466.0	1660.0
20200115	1044.0	1478.6	1701.4
20200116	1011.6	1437.6	1653.1999999999998
20200117	993.4000000000001	1427.8	1597.8000000000002
20200118	1071.8000000000002	1508.4	1716.1999999999998
20200119	1106.2	1599.8000000000002	1839.4
20200120	1067.4	1561.0	1780.1999999999998
20200121	1096.1999999999998	1576.6	1780.6
20200122	1106.4	1590.8	1771.8
20200123	1093.8000000000002	1594.8	1731.0
20200124	1078.2	1565.6	1677.1999999999998
20200125	1095.4	1579.0	1714.4
20200126	1095.4	1613.4	1798.0
20200127	1076.0	1601.1999999999998	1822.0
20200128	1068.0	1559.6	1772.6
20200129	1077.1999999999998	1561.2	1789.1999999999998
20200130	1098.6	1590.8000000000002	1776.0
20200131	1087.2	1565.2	1696.4
20200201	1091.8000000000002	1572.0	1728.6
20200202	1100.4	1622.8	1817.6
20200203	1102.8	1621.1999999999998	1805.4
20200204	1092.0	1597.4	1775.1999999999998
20200205	1100.4	1628.8	1811.8000000000002
20200206	1103.0	1637.4	1781.0
20200207	1105.0	1607.0	1732.8000000000002
20200208	1102.4	1621.4	1771.8
20200209	1108.4	1634.2	1834.0
20200210	1109.0	1627.1999999999998	1829.4
20200211	1098.8000000000002	1604.2	1830.2
20200212	1098.8	1630.8000000000002	1862.0
20200213	1099.6	1641.0	1846.8
20200214	1114.6	1649.0	1861.6
20200215	1120.6	1650.8	1907.0
20200216	1146.8	1688.8	1951.6
20200217	1153.8000000000002	1683.0	1933.0
20200218	1154.0	1641.6	1906.4
20200219	1158.6	1654.8	1910.2
20200220	1151.4	1654.2	1901.0
20200221	1142.0	1634.0	1885.6
20200222	1144.1999999999998	1634.6	1925.8
20200223	1153.8	1683.0	1974.6
20200224	1148.2	1690.4	1945.0
20200225	1150.8	1666.0	1915.2
20200226	1153.8	1673.8	1911.0
20200227	1154.4	1678.4	1899.0
20200228	1147.4	1668.2	1868.6
20200229	1150.0	1671.8000000000002	1928.2
20200301	1156.4	1719.4	1977.2
20200302	1156.8000000000002	1706.2	1962.1999999999998
20200303	1158.6	1690.8	1951.6
20200304	1163.1999999999998	1681.2	1975.0
20200305	1156.6	1685.6	1943.4
20200306	1151.4	1660.8	1920.0
20200307	1156.4	1680.6	1955.0
20200308	1164.8000000000002	1700.4	1964.4
20200309	1164.8000000000002	1691.0	1940.2
20200310	1162.2	1653.0	1921.8
20200311	1161.4	1651.0	1881.6
20200312	1142.6	1630.6	1852.6
20200313	1108.8000000000002	1592.6	1825.6
20200314	1076.0	1570.8	1788.0
20200315	1014.6	1550.0	1787.8
20200316	939.0	1478.4	1756.2
20200317	869.8	1389.0	1687.8
20200318	795.8	1313.0	1584.6
20200319	712.0	1220.6	1490.6
20200320	653.0	1128.2	1331.6
20200321	599.8	1060.1999999999998	1228.8
20200322	539.6	997.4000000000001	1115.1999999999998
20200323	491.4	946.6	1047.2
20200324	452.4	907.6	1017.2
20200325	423.0	874.2	985.4
20200326	403.2	854.6	961.0
20200327	368.4	846.8	963.8
20200328	330.2	805.0	987.6
20200329	298.0	768.6	976.0
20200330	272.4	733.0	984.6
20200331	239.2	690.2	995.5999999999999
20200401	231.2	650.4000000000001	1000.0
20200402	222.6	631.0	975.6
20200403	222.8	596.2	938.2
20200404	215.8	563.5999999999999	924.8
20200405	211.8	531.4	897.4
20200406	204.2	491.6	844.8
20200407	202.0	454.4	794.8
20200408	188.2	443.4	798.0
20200409	187.8	431.8	786.2
20200410	180.8	423.2	772.4
20200411	175.60000000000002	428.8	787.6
20200412	167.6	436.0	803.2
20200413	165.4	432.6	760.2
20200414	155.2	422.79999999999995	721.8
20200415	146.2	412.8	685.4000000000001
20200416	143.0	403.4	655.8
20200417	147.0	400.8	629.5999999999999
20200418	152.6	413.2	644.8
20200419	155.60000000000002	424.0	660.2
20200420	162.6	430.8	664.5999999999999
20200421	163.2	430.79999999999995	650.2
20200422	164.8	433.4	648.8
20200423	165.60000000000002	427.4	637.0
20200424	170.0	428.2	636.8
20200425	174.2	432.6	649.8
20200426	177.2	445.4	703.2
20200427	175.2	443.2	715.8
20200428	175.6	438.2	744.4
20200429	171.0	434.6	764.4
20200430	169.60000000000002	435.8	797.2
20200501	171.2	432.4	794.4
20200502	174.0	445.2	853.6
20200503	169.39999999999998	460.79999999999995	879.0
20200504	173.2	465.20000000000005	884.2
20200505	171.4	462.79999999999995	877.8
20200506	167.39999999999998	457.6	876.4000000000001
20200507	163.2	451.2	856.8
20200508	167.8	441.2	855.4000000000001
20200509	170.39999999999998	445.4	873.8
20200510	172.4	447.8	890.0
20200511	179.6	463.2	888.0
20200512	183.2	462.2	871.2
20200513	180.0	454.4	855.8
20200514	172.8	449.6	851.0
20200515	172.4	457.0	856.4000000000001
20200516	173.6	455.0	876.0
20200517	174.2	468.0	892.0
20200518	176.4	476.2	895.8
20200519	176.8	472.20000000000005	867.4000000000001
20200520	170.8	465.2	849.4000000000001
20200521	164.4	461.0	828.6
20200522	163.39999999999998	458.20000000000005	830.0
20200523	166.6	462.6	848.2
20200524	168.2	478.4	879.0
20200525	174.2	477.8	879.0
20200526	178.6	478.0	881.4
20200527	181.4	467.0	867.8
20200528	183.0	472.6	863.8
20200529	193.39999999999998	481.6	871.0
20200530	208.8	488.20000000000005	896.8
20200531	223.0	504.0	925.8
20200601	234.8	516.8	945.8
20200602	244.8	521.5999999999999	951.0
20200603	248.4	517.6	947.8
20200604	245.60000000000002	524.5999999999999	951.4
20200605	246.4	534.8	962.4000000000001
20200606	253.2	553.4	978.6
20200607	257.0	571.0	993.0
20200608	257.2	584.0	995.8
20200609	261.2	597.2	983.8
20200610	259.4	592.4	964.8
20200611	247.2	575.0	932.2
20200612	241.8	574.0	931.2
20200613	248.0	574.2	948.2
20200614	254.8	577.2	965.0
20200615	255.0	581.0	970.8
20200616	265.4	590.6	985.2
20200617	264.8	585.8	981.2
20200618	261.0	587.8	975.2
20200619	253.2	588.2	982.8
20200620	267.0	598.6	994.2
20200621	269.79999999999995	618.8	1011.8000000000001
20200622	276.8	626.8	1007.4000000000001
20200623	281.4	630.6	996.0
20200624	282.8	638.8	975.4
20200625	271.79999999999995	629.4000000000001	971.0
20200626	277.0	630.4	975.8
20200627	301.2	652.2	987.6
20200628	323.0	683.2	1019.5999999999999
20200629	341.6	691.0	1024.2
20200630	359.0	715.2	1010.2
20200701	369.4	740.4	1017.2
20200702	371.6	753.5999999999999	1057.4
20200703	376.0	768.4	1091.1999999999998
20200704	386.0	806.4000000000001	1188.2
20200705	394.20000000000005	838.6	1310.0
20200706	405.79999999999995	854.0	1379.2
20200707	407.6	863.6	1425.2
20200708	402.6	864.8	1465.0
20200709	394.6	853.8	1450.6
20200710	392.0	847.2	1404.8
20200711	392.8	840.0	1411.8
20200712	395.6	843.2	1428.6
20200713	399.20000000000005	842.0	1416.8
20200714	403.2	837.0	1422.8000000000002
20200715	406.2	836.8	1451.4
20200716	391.0	825.4	1433.2
20200717	373.20000000000005	815.2	1378.6
20200718	380.6	811.5999999999999	1389.1999999999998
20200719	383.8	825.8	1413.0
20200720	384.4	820.2	1395.6
20200721	392.0	831.4000000000001	1401.0
20200722	400.0	836.2	1439.0
20200723	385.0	830.4	1409.0
20200724	376.20000000000005	819.0	1352.8
20200725	354.2	783.0	1255.6
20200726	354.0	789.4000000000001	1276.8000000000002
20200727	360.0	798.2	1273.6
20200728	379.6	815.0	1295.6
20200729	394.0	832.8	1339.0
20200730	401.2	871.4	1430.2
20200731	408.6	868.4000000000001	1371.4
20200801	415.20000000000005	868.4000000000001	1362.4
20200802	418.2	872.8	1356.0
20200803	422.20000000000005	875.4	1326.1999999999998
20200804	446.4	886.8	1326.0
20200805	446.79999999999995	896.4000000000001	1358.6
20200806	433.8	893.0	1332.4
20200807	415.2	889.8	1291.2
20200808	416.4	878.0	1296.6
20200809	414.4	879.4	1309.6
20200810	407.4	848.4	1284.0
20200811	425.4	849.4	1284.2
20200812	436.4	850.6	1316.2
20200813	417.4	850.4000000000001	1315.6
20200814	405.0	839.6	1295.6
20200815	413.79999999999995	870.0	1329.6
20200816	406.20000000000005	880.0	1370.0
20200817	404.8	874.6	1367.1999999999998
20200818	419.8	876.4000000000001	1374.0
20200819	430.4	884.4	1395.8
20200820	414.79999999999995	877.5999999999999	1375.0
20200821	404.8	866.0	1298.6
20200822	403.6	862.2	1324.4
20200823	404.4	872.4	1349.4
20200824	404.8	875.4	1337.4
20200825	422.2	867.4000000000001	1354.6
20200826	427.79999999999995	863.8	1412.4
20200827	413.4	857.5999999999999	1340.0
20200828	399.0	845.0	1288.8000000000002
20200829	401.20000000000005	844.8	1299.8
20200830	399.0	868.4	1313.6
20200831	394.20000000000005	872.8	1269.2
20200901	408.6	859.8	1279.4
20200902	417.0	858.6	1286.6
20200903	398.0	834.8	1236.6
20200904	384.2	804.2	1186.6
20200905	394.2	799.6	1267.6
20200906	395.79999999999995	824.0	1327.4
20200907	396.6	822.0	1322.8000000000002
20200908	415.6	843.0	1361.8
20200909	426.79999999999995	854.6	1392.8
20200910	409.6	837.4000000000001	1341.2
20200911	397.0	816.0	1307.2
20200912	401.6	810.2	1345.0
20200913	403.8	806.2	1360.6
20200914	402.20000000000005	809.8	1346.8
20200915	420.2	833.2	1343.8000000000002
